air_pressure_9am,air_temp_9am,avg_wind_direction_9am,avg_wind_speed_9am,max_wind_direction_9am,max_wind_speed_9am,rain_accumulation_9am,rain_duration_9am,relative_humidity_9am,relative_humidity_3pm
923.040000000008,60.6379999999988,51,17.0678521999997,63.6999999999999,22.1009672,0,20,8.90000000000005,1
920.502751175919,70.1388948683005,198.832132717464,4.3373630561627,211.203341243256,5.19004536021938,0,0,12.1891018687644,1
922.383131199392,70.8652634902663,36.174174777425,1.84727808422022,58.4286324883041,2.5291420736989,0,0,12.1108893352946,1
916.915255389999,77.0189605808077,234.539344986205,2.2747252969339,229.474198676894,2.90651310919714,0,0,21.0314617687906,1
922.040000000009,68.5759999999986,58.3,9.55173379999966,81.8999999999999,12.5716028,0,0,7.5400000000001,1
919.992262176274,62.9643831163325,54.7990936153581,12.6804357402035,74.2542234861017,15.4523058061834,0,0,18.8095178566365,1
921.125625973345,68.8187718944121,71.7990922763454,2.57653776671464,95.4723335617643,3.48744358739647,0,0,11.7422012298629,1
923.600000000002,59.8820000000033,192.8,4.29492479999991,203.5,5.18970080000008,0,0,22.4700000000004,1
921.969951282133,60.9553415264257,164.621485996141,1.66444229894694,195.77996752142,2.36718113263113,0,0,12.1096289018911,1
921.090000000004,68.6660000000049,50.7,14.204569,62.4999999999999,17.0454828000001,0,0,17.5800000000002,1
924.200000000003,68.8820000000038,56.3,9.88727479999988,68.9999999999999,11.8781514000001,0,0,14.2300000000003,1
920.230000000009,67.3159999999995,153.2,1.23031699999976,136.9,2.08035419999993,0,0,13.89,1
923.663676793339,69.0310704187739,64.689907868498,7.55777528016753,73.0492322374834,8.81935448212983,0,0,14.6925013275681,1
922.360000000008,74.3359999999992,166.9,4.18307779999975,210,6.9121446,0,0,12.4799999999999,1
919.090000000006,76.7660000000047,166.2,1.29742519999981,199,1.81192140000012,0,0,19.7399999999998,1
917.800000000008,73.7779999999993,181.9,0.939514799999804,185.3,1.54348859999982,0,0,11.4799999999999,1
922.060000000006,61.7540000000012,56.2,10.4241403999996,76.9999999999999,13.42164,0,0,17.7000000000002,1
925.58827137166,66.3529883715582,56.0640565577471,17.5279324623195,67.9398801397883,20.9711832570105,0,0,14.4246214041563,1
922.206232880569,57.0364825100091,48.3627014464782,12.3853293455625,64.9053283647887,15.7893310566905,0,0,14.9694298994375,1
917.762580732123,82.0643341313786,110.257852368425,2.23450814584762,129.779879544535,3.20625448827962,0,0,16.578661965925,1
925.097125725986,57.1334991237811,52.9689327559145,14.618306949929,69.0070565459507,19.2143138458635,0,1.54044829390368,18.6423060619654,1
920.742823398151,74.5153762714524,51.4227186656178,13.8760939864564,66.8547632351568,16.9861783401909,0.00999999999999091,75.8629526539646,9.40663621093131,1
921.610000000006,38.1380000000008,46.6000000000001,4.51861879999963,59.5999999999999,5.52524180000005,0,0,29.8,1
921.390000000011,76.0820000000022,225.1,1.9013989999994,251.1,2.57248099999979,0.0399999999999636,300,47.5200000000009,1
915.914435739919,69.3888731067296,46.7361705829601,10.9769507678848,64.6446823318402,14.2976171374237,0,9.39715695066505,8.49833536323128,1
918.884691221882,72.8998777781229,163.515192901471,1.02657754315161,196.157263072146,1.48219381775001,0,0,18.9187648875089,1
918.850336146548,74.0846394129743,69.4484491747872,3.41640548455701,103.058915228815,4.74852632177649,0,0,11.0793155226348,1
921.408129860134,47.9703946135899,46.3114285067358,10.9984531533027,67.2328572398962,14.3854127858013,0,0,22.147701376039,1
919.560000000007,78.4760000000041,179.3,5.95026039999975,192.2,6.9792528,0,0,20.1900000000004,1
919.447816728083,61.5186601035227,53.1826479705229,14.4056268547679,72.1287417794153,17.6112667972,0,0,19.5391652808648,1
919.773405629666,68.7237999490528,55.2271327717035,16.1264290470658,74.3045164577248,20.8238907910113,0,0,15.0581500391181,1
918.122967314842,69.6873731003009,224.594883693272,3.65013424988663,242.077668495871,4.77407905580441,0,0,17.1085399021414,1
923.620000000009,62.5999999999994,63.7,4.94363739999975,75.4999999999999,6.06210739999992,0,0,28.55,1
919.56133269064,69.1655206497228,137.144875638807,1.3828941853983,123.019030656538,2.0316067853985,0,0,15.9354466403358,1
920.590000000009,75.0019999999995,89.7,1.16320879999981,91.0999999999999,1.78955199999983,0,0,13.9199999999999,1
923.485042025996,68.4526106296157,38.3766775878611,4.67154594622357,64.9297763216184,6.48399638360689,0,0,18.3997506774229,1
920.201585991789,57.8102370614035,80.480355234787,5.38511666984316,93.97028883782,7.43525955266715,0,0,14.3792333952514,1
921.634899613727,65.8972904472465,73.4864185786758,3.01697200289608,93.2822348396703,4.01896733652484,0,0,10.7202691115556,1
921.933298402703,64.6182692196922,73.213445111374,3.81559198132138,92.0331936107825,4.73350099966881,0,0,12.2849738020218,1
923.831559617845,50.0021229721113,198.889160321009,5.90643360032665,215.506794999173,7.165717543258,0,0,39.9398867237962,1
924.722874964885,61.1280828331967,40.6734357841525,8.57656546580099,65.4298273616485,11.4486504365738,0,0,17.2077427407609,1
919.660000000004,66.9200000000049,105.4,2.21457060000004,147,3.19882420000002,0,0,28.1400000000002,1
919.900000000005,56.0480000000008,58.8,3.86990619999968,70.2999999999999,4.54098820000002,0,0,18.9499999999999,1
921.700000000003,53.5640000000033,48.2,5.25680899999996,64.3999999999999,6.80029759999998,0,0,19.8900000000004,1
926.177368159633,66.0685681125081,56.8207787652322,16.9966739830754,69.3013096344282,20.4969782925955,0,0,14.586780577993,1
921.574114667946,75.2506105283777,225.302206860738,1.96329605258651,251.344776726157,2.6486619877993,0.0357430134581134,268.072600936094,43.5290751170126,1
918.320000000002,55.454000000005,47.9,6.46475660000007,63.5999999999999,7.85165940000003,0,0,24.2800000000003,1
921.507308049021,73.1911562166277,165.548739531225,3.39092492734568,206.179194536566,5.57799239342465,0,0,13.8079628744861,1
920.770000000004,70.7180000000022,181,4.40677179999969,188.2,5.07785379999991,0,0,13.16,1
921.211065935867,59.810763056161,55.3031429974202,17.8962918760592,76.7420222513829,23.439768470185,0,8.21318717287235,8.76294502617062,1
918.713894398906,65.2184616214231,65.723783000344,5.72335528782196,79.3646334284731,7.09559333207151,0,0,18.6347566000688,1
925.960000000002,56.9660000000034,51.7,17.8731505999999,66.2999999999999,22.2799224000001,0,10,15.3600000000004,1
919.903080864679,55.9646977750501,48.1055949174904,8.82866056291736,64.134546785475,11.0341915835387,0,0,20.4353750429293,1
922.170000000004,56.6960000000023,48.4,12.2136923999996,64.8999999999999,15.5914718,0,0,14.93,1
919.477927109483,68.0600429854772,47.04658845067,10.567383294021,64.8812472957368,13.6928726045645,0,6.53411549330048,9.37442419707694,1
922.187875173527,56.8639740570787,48.3815990860793,12.298367980222,64.9026287019886,15.6890839272008,0,0,14.9494523947162,1
922.570000000009,69.367999999997,193.5,2.63958919999964,220.2,3.60147340000004,0,0,19.9500000000002,1
924.050000000003,47.2460000000032,47.9,13.980875,68.2999999999999,17.8507812,0,20,16.7100000000004,1
920.930000000007,75.433999999998,40.2,2.14746239999972,65.0999999999999,2.97513019999991,0,0,15.09,1
920.405794873886,49.6865027270193,46.5963782038222,10.2250214235884,66.4130786128047,13.1927702514643,0,0,23.0724345466988,1
924.390226490481,66.0990871543035,63.3111541948455,9.6501786146221,72.4516289182534,11.3160256843595,0,0,13.0935339735723,1
918.300000000003,64.0040000000046,71.7,6.62134239999994,82.4999999999999,8.03061460000004,0,0,8.73000000000034,1
918.140000000008,79.1059999999982,244.3,2.28167879999975,230.5,2.88565259999977,0,0,20.1300000000005,1
918.309540582038,75.0523878135813,183.267714193869,2.01333741059034,187.579523656448,2.66530328257217,0,0,10.6754622389008,1
923.885221311808,58.6071023050632,47.0187591291966,11.215701371321,66.5550073033572,14.4763457739796,0,0,17.3082965013882,1
920.627326967863,78.6694449901754,95.5610917772642,2.90113595142742,124.866404925028,3.96854065400279,0,0,18.1040826681813,1
921.614061283698,60.5334964816241,35.9469068166337,4.47275906802537,55.815140630954,5.66455405574591,0,0,11.8154376157086,1
923.757467155188,70.9215008452819,195.458708709576,5.09049851588437,218.792178114992,6.46314964033471,0,0,17.415920606986,1
919.036412776374,74.2149877822087,108.755538297748,2.92441001270063,59.4756314899094,3.61835696629142,0,0,13.4160786372622,1
917.807539483777,79.4621999716894,126.24236151891,1.46576404160146,70.0017183329786,1.96225087040201,0,0,14.869578592174,1
920.480998146898,65.5192357016942,111.747920527307,3.77668494998372,52.2704786361387,4.58609913245166,0,0,22.8960397363468,1
921.650000000003,62.8700000000022,56.7,10.7149426,77.2999999999999,13.7124422,0,0,21.1100000000004,1
915.610000000005,69.3140000000024,46.7,10.9162671999997,64.4999999999999,14.2045689999999,0,10,8.30000000000008,1
923.552178638784,71.0922902050113,197.67472301702,3.94286391572934,210.822423753478,5.16580706163705,0,0,13.3097852619881,1
921.340000000009,62.4019999999985,59.1000000000001,11.8334125999996,86.2999999999999,16.5757253999999,0,0,20.6300000000006,1
921.391319227806,68.22350764874,199.189402415182,4.53861758386139,208.444644442625,5.40260097002896,0,0,10.4528184539561,1
919.615885150661,71.2999115731544,47.0424304700017,4.26662253760656,80.4715420897931,6.04642215695395,0,0,14.4230534515301,1
923.054433023642,65.1635702241293,151.842543965489,3.54404549357856,181.171008101814,4.94376453848197,0,0,11.9997909251093,1
916.650000000006,89.4020000000038,185.2,1.72244379999977,217.5,2.19220119999991,0,0,12.0500000000005,1
919.710000000012,70.2859999999998,149.3,2.79617499999956,233.4,5.14496199999995,0.171000000000049,999,12.2100000000011,1
922.850000000008,63.0859999999989,47.7,15.4348859999998,64.9999999999999,19.3047922,0,0,15.67,1
920.527758707527,60.4333692233317,55.1938329513595,12.4827926426958,73.4278515123195,15.318981880856,0,0,18.1363726169286,1
922.754220659327,50.310938890704,47.7712669970118,13.4503835366665,67.9999553544374,17.7612769681481,0,0,28.347413919487,1
920.631997681081,68.6195406743923,192.664515353402,3.95758809977012,221.738631737008,5.10617133743388,0,0,15.4556647627382,1
920.902599263186,56.9947166813029,70.7435322062195,2.90172260837731,63.9995128269942,3.51152716586981,0,0,21.6783848801365,1
921.565442356086,64.3435908061662,65.2314497785837,11.0532606948277,81.5886986715019,14.2489663548485,0,0,14.1197216560896,1
916.867881511419,81.452149551592,91.3408064689799,1.87667852069334,122.717129056572,2.65107369489963,0,0,27.8860146239177,1
917.803773600585,77.0278834952158,178.478373614306,5.3529334986548,192.95315752022,6.3666098242615,0,0,19.9366651977444,1
916.472388218546,75.9300744959892,177.855503260135,4.9001033253861,193.524122011543,5.90216862090893,0,0,19.7446135052085,1
920.33059589022,72.2424906483287,149.918829133908,2.81538737612784,179.096480430278,3.96359576428042,0,0,18.8347206454167,1
917.300000000004,73.6160000000023,147.7,2.41589519999969,175.2,3.46725699999992,0,0,12.9900000000001,1
923.281852304832,48.7421985311827,46.5709468030777,14.1572401339683,67.5341049373667,18.2085504717643,0,17.7473674628436,17.2506318089179,1
919.576336622175,63.6019539640194,72.856680063842,6.08601331682522,85.6110705165403,7.38821970019053,0,0,10.0183022780035,1
917.955833175061,78.3830144412864,40.3989813583766,5.73771024954525,57.794445499629,7.19263270562263,0,0,19.4248721677019,1
919.760000000005,54.2840000000003,214,4.2054471999997,223.5,4.92126799999999,0,0,17.77,1
921.900000000004,78.2060000000023,50.7,5.36865599999967,74.4999999999999,7.44901019999994,0,0,13.49,1
926.762031681606,54.7048842977861,54.0243342529445,5.02689100710966,54.9782828261192,7.14517458933545,0,0,14.4254040391495,1
926.55000000001,62.7619999999987,67.8,14.8309121999997,88.7999999999999,18.790296,0,0,11.2200000000001,1
921.411886397117,62.0270778457753,63.2084384789555,8.24701686148149,79.125537622146,10.4455476972134,0,0,19.0146002945802,1
918.902090516717,73.5024959456659,177.328028519846,0.95851076631633,128.828393336886,1.43966807774562,0,0,12.8745398068988,1
918.694866756976,74.6757729606176,36.5382674630024,2.64439972858381,69.2869350326645,3.47907585892003,0,0,10.8395362804991,1
924.720000000002,63.5180000000033,29.7,1.36453339999991,47.6999999999999,1.81192140000006,0,0,7.3200000000004,1
920.530000000006,81.9500000000042,59.3,10.1557075999998,79.2999999999999,12.7058192,0,0,19.8000000000004,1
919.968818645262,66.6956672975167,64.4228939064612,9.36189096393845,74.978914785077,10.8475151016401,0,0,17.8273146395782,1
920.181294656664,58.9081093132383,57.9008854960288,9.39512067868866,75.7243358779783,11.7354312129776,0,0,18.9331419846211,1
923.038403339723,60.636998458547,51.0001209591126,17.0708015032212,63.7022982231381,22.1049176428471,1.20959112527731e-05,20.0483836450144,8.90215307220319,1
922.821310351213,67.8133014399465,55.7576583162107,9.55524500042584,68.8572785042659,11.5588919773328,0,0,14.8922277402062,1
917.600000000007,81.9139999999995,90.4,1.67770499999985,121.4,2.34878699999985,0,0,29.99,1
921.68481739933,61.0538886148834,55.9590570454367,10.9939139003681,75.8641260713441,13.9529152908841,0,0,17.7413045064967,1
919.013672319594,62.5974317162136,166.847158581052,3.64305020822309,190.070012229707,4.86982111571208,0,0,22.3701594784011,1
924.940000000008,57.1639999999998,53.2,14.0256137999998,69.4999999999999,18.6560796,0,0,19.24,1
916.475202889779,78.656872958296,120.9,2.63903934713791,132.56254778707,3.39497843970822,0,0,17.6383136921253,1
918.026453370532,73.4418955237475,182.932945198882,1.36609383381889,185.856201260936,2.03227707625087,0,0,10.4192447380714,1
916.986006489711,75.8438206680399,150.238951156932,1.30391353998878,142.624694429932,1.88900319602841,0,0,17.4300983946019,1
916.630000000008,65.2279999999995,188.5,1.1855781999998,225.7,1.83429079999992,0,0,15.0900000000007,1
918.637062305999,73.4299449134955,181.467475404199,1.02488523258775,186.394032801143,1.63455039476039,0,0,12.9607606750355,1
922.183846349229,54.7905884936959,48.073338652035,6.61114473472621,65.0839712790108,8.52863399787237,0,0,19.4061536507741,1
913.320000000004,79.2140000000041,95.9,2.84091379999971,129.1,4.1159695999999,0,0,17.6900000000001,1
914.131735948655,82.5831521084255,120.810339578379,2.57708977715726,139.239546251363,3.39974345256872,0,0,19.9111771073006,1
920.000000000004,68.054000000002,197.1,4.67520459999964,209.6,6.15158499999999,0,0,14.5,1
921.643674622315,68.8943846123379,194.79757640455,3.37330211993829,216.37935836438,4.52063024475833,0,0,17.9856134986671,1
924.080000000004,60.080000000005,54.2,18.9245124,72.0999999999999,23.5549782000001,0,10,13.1300000000002,1
925.630000000006,59.8820000000006,42.7,15.0993449999996,63.0999999999999,19.8863965999999,0,0,13.0500000000003,1
916.737056519026,77.3766741097983,184.193505729432,3.33413799839243,201.332611747715,4.04837715687959,0,0,31.2160768295301,1
921.510533859309,60.5102153846154,45.9531176857407,20.7243810908015,58.418303747545,25.5275498361496,0.00999999999971702,54.0152531229542,11.4580170940161,1
920.910000000008,66.4159999999991,198.1,4.07123079999976,210.7,4.8317903999999,0,0,13.42,1
922.808445487988,60.0641812921099,136.52777021673,3.37898095784047,148.027201031069,5.26836437943519,0,0,19.829257129467,1
922.990000000002,59.486000000004,137.5,3.37777939999993,147.2,5.2791784000001,0,0,19.8400000000004,1
921.238610542196,68.1948370310087,50.4466865758088,14.3084542707035,62.7110945201593,17.2362539334739,0,0,17.4187237865984,1
920.640000000002,53.8880000000039,42,14.7638039999999,64.8999999999999,19.4390086000001,0,10,19.1100000000004,1
915.300000000004,80.2760000000043,148.7,1.34216399999972,145.6,1.7895519999999,0,0,19.2700000000001,1
923.833996226097,68.3998621887099,57.1257479247425,13.0978212402556,78.7034249062432,17.1683828151466,0,0,9.77760256562978,1
920.535407098756,68.6893051794945,47.556514796693,13.0049285375638,65.8739408132282,16.7235315558342,0,0,10.2891035310573,1
922.918740487265,59.5288227739997,45.5093642977397,17.6829231863428,61.0487181318091,22.0310657508253,0,0,12.9652731402272,1
923.15670332508,69.8422225707375,197.226282040249,5.67667569344104,215.193406650147,6.9816905181736,0,0,14.9115613741464,1
923.994653249525,71.8625589486354,227.537589676848,2.99423245476023,227.539024506414,3.95725919696786,0,0,15.6189545637307,1
919.643997739733,64.2371580326915,88.5894656901099,16.0476746943064,112.331312867806,19.9542340135642,0.510196144950553,1510.90678732505,18.2725089477888,1
922.717976713591,72.0557052872475,67.9193231388861,6.52273958506984,92.2171761234541,8.32862091704992,0,0.644104629533544,12.9978602814922,1
920.563080074709,73.2546960324705,68.4509118454152,4.49162974690025,99.3006415631282,5.95255328197166,0,0,12.1028436491601,1
922.163428541292,60.7377665836249,62.9966711024896,5.58310956949533,75.0916154788648,6.74218097708247,0,0,26.8120969822808,1
920.400000000011,81.9140000000006,56.3,9.6859501999995,74.0999999999999,12.2584311999999,0.00999999999999091,90,8.00000000000119,1
920.320000000004,65.462000000002,48,14.8756509999996,64.0999999999999,18.4100162,0,0,8.04000000000001,1
922.23996673969,74.3301924190399,144.725873083407,1.1630971979884,95.824875273799,1.83357067210053,0,0,14.7392005252745,1
920.969243150126,69.0119310284792,197.202837469509,4.46816747586053,210.037059245413,5.89278859482604,0,0,14.2943250609821,1
917.33441085369,67.003168458046,66.1548716082241,4.73837195122825,79.241465254793,5.7868742135203,0,0,18.7209743216448,1
920.800000000006,65.0840000000004,75.5,4.09360019999968,92.2999999999999,5.45813360000008,0,0,8.79999999999991,1
919.190000000008,73.9039999999978,68.8,3.19882419999974,103.8,4.4515105999999,0,0,11.4899999999999,1
922.131441707751,59.9322738557625,166.237116584502,2.16778886835812,195.887627805166,3.04269066322386,0,0,12.0176840721781,1
922.980000000006,63.3740000000006,125.3,3.64621219999966,98.5999999999999,5.41339480000011,0,0,15.84,1
919.980664309712,64.0920994358778,51.9714116304072,22.0917328714967,73.3519572421276,27.5350596884197,0.0235705815203355,125.107947555661,12.6471056423117,1
919.500000000012,79.8619999999998,97.7,1.47638039999956,144.4,2.23693999999993,0,0,8.48000000000114,1
918.977516202497,53.6358811848151,47.4890523734404,7.65012486326468,64.4867817204706,9.53536615761674,0,0,23.8993327248714,1
918.090000000012,68.8640000000008,54.8,16.5086171999995,73.3999999999999,21.2285606,0,0,16.4300000000012,1
923.270000000003,63.5540000000049,78.9,10.5583568,80.1999999999999,15.099345,0,0,18.6700000000002,1
922.141662165278,66.7704276607664,149.642642226808,3.60257120500528,178.113963340212,5.0383491756409,0,0,11.4807164237878,1
920.860000000008,66.937999999999,75.4,2.68432799999975,88.9999999999999,3.44488759999991,0,0,17.45,1
921.615698415598,76.0290755246311,173.821184745309,1.36787203059561,202.905069869497,1.84010013223833,0,0,14.7893791654443,1
923.552439439015,59.6085158063384,54.5320311223003,18.7429552736466,73.2067704076676,23.5838622882836,0,10,12.2980775769033,1
921.409125013378,60.8492106695876,43.4613574714035,21.314179400733,54.9414290298652,25.6053254374593,0.00999999999991465,51.1178575248877,11.8346785217647,1
921.480230558685,59.6836886299451,47.1296834644832,16.5772720619514,60.8017298336404,20.1119595311782,0.0026512960881195,42.6512960881219,17.0946979226671,1
922.808885572329,68.7455510262039,198.270947401879,4.19182464181634,209.192743768196,5.23693869766192,0,0,11.9782174691362,1
921.650000000003,62.8700000000022,56.7,10.7149426,77.2999999999999,13.7124422,0,0,21.1100000000004,1
918.865498721684,69.1690787523732,45.3671147250267,3.80870667071085,82.2479777508716,5.4499331698308,0,0,14.7548248381839,1
915.808537206645,73.217521876563,215.629367721963,2.17923816285895,232.546876111059,2.86768511053797,0.00894874662937909,67.1155997204042,28.5088701238434,1
921.220000000002,57.5240000000041,56,17.9402587999999,78.0999999999999,23.7115640000001,0,10,8.62000000000035,1
917.61000000001,73.0219999999982,42.3,4.33966359999955,64.1999999999999,5.59234999999994,0,0,6.09000000000101,1
922.174130567082,62.2675835594038,47.9662515947884,16.5527604427446,63.6687420260579,20.4089222848421,0,0,15.094486937419,1
925.758649176768,72.5540649916948,52.8479063536823,12.348321769254,69.3066187168141,15.1595037170902,0,0,15.4310852583626,1
917.461900406092,55.5116242360344,61.0265802068871,7.93305631919895,73.8091251692036,9.2393581175989,0,0,20.6142109360129,1
921.610000000007,64.8680000000013,65.3,11.7663043999997,81.9999999999999,15.211192,0,0,13.2200000000003,1
922.47323296309,66.6397842137737,71.4856545181409,1.99181214590378,94.1929318523238,2.63192688468425,0,0,12.6899247223109,1
920.075591056324,69.3487500685714,45.6699810865799,21.108389797722,63.638273440836,26.6595962599286,0.0011944969817216,34.1500945671008,15.2732581288368,1
923.634016989317,62.5605117305458,62.9307001548906,13.1532427358622,87.4007759065776,17.5508237839581,0,0,16.4866794876418,1
919.320000000007,67.531999999998,142.6,1.09610059999975,124.1,1.74481319999989,0,0,16.7599999999999,1
919.940110888598,76.9689721240614,179.523594640347,4.78875963212509,191.554059927885,5.71771847316966,0,0,19.4720127659962,1
920.810000000002,59.0720000000021,181.6,9.01486819999964,186.3,9.9096442,0,0,20.05,1
925.300000000001,72.7700000000042,227.2,2.66195859999989,221.8,3.53436520000011,0,0,15.7900000000003,1
920.304856584911,59.2754787334636,38.5800816807389,5.78292775490546,59.2358070432028,7.28850263822334,0,0,13.710339153429,1
920.372656569366,75.5683753924782,183.709305991644,3.1683168867222,191.76751252425,3.87547001115589,0,0,12.7482236990746,1
914.200000000014,72.3920000000019,212.9,2.25930939999954,227.2,2.95276079999983,0,0,23.0300000000011,1
920.310000000006,83.138000000004,53.2,14.1598301999998,74.4999999999999,17.7389342,0,0,26.3900000000004,1
922.883180104247,69.7777170642021,194.01658573895,3.28598689755169,219.82870400013,4.35620590719768,0,0,19.281667200234,1
924.31828030333,71.8733558354326,196.907264536946,5.92507238342174,216.190067570195,7.46531091676684,0,0,15.2633397838051,1
921.772168250893,47.9424140408282,44.6619514508423,12.9398805962784,66.8301574234088,17.0876589104954,0,0,32.6878379861028,1
923.870000000004,48.3620000000017,199.9,6.17395439999965,217.5,7.49374899999993,0,0,42.84,1
918.269919389887,53.559018294594,89.810693132712,5.08593136889358,97.3363786045272,7.97481745186301,0,0,18.6559053488685,1
917.200000000007,75.5060000000042,177.6,7.40427139999976,182.9,8.20956979999999,0,0,14.3500000000004,1
920.110350173742,74.8187079352237,237.455209235825,2.36133341055931,239.560445578012,3.04496182111909,0,0,16.129951755734,1
921.880000000002,47.5700000000036,45.6,13.2203153999999,67.3999999999999,17.4033932,0,0,31.9900000000004,1
921.433165783975,64.6347758087467,72.4034958010339,5.02405164664923,92.623515364071,6.93651756523201,0,13.8649441744752,9.22056997329239,1
919.511474981452,55.0934048625831,213.950831381222,4.11845728401912,223.665385354073,4.83327819992768,0,0,18.00511539525,1
921.763401667462,66.0224665654725,73.1765018608455,2.85126473442591,93.4334137264168,3.79746068173309,0,0,11.015823835145,1
919.407404511001,64.496477349154,54.7105280158114,8.38148586110755,68.6270341882864,10.3207999317419,0,0,16.7193789177156,1
919.561376073297,61.8557197995937,55.9887824952466,6.97129233650664,69.149956475328,8.51419255921169,0,0,17.416608633771,1
920.567764807645,59.8870501857394,55.7499417792872,17.6419306740045,77.1206053022081,23.1941511564769,0,7.91618149405993,10.2474622531397,1
918.846598183232,74.938012503522,185.395861246661,3.06333563712281,189.244245940516,3.83191118855142,0,0,8.69174631544128,1
921.689358252582,65.9503395683896,73.3550771555556,2.94674594792687,93.3463038265582,3.92509373243335,0,0,10.8455239809214,1
920.277416872081,74.3617174481613,199.548982101717,4.59909143087035,211.76567775039,5.58247313852244,0,0,10.9338741626818,1
919.180000000011,74.8400000000007,51.7,21.3404075999995,76.0999999999999,26.3511532,0.00999999999999091,138,9.1900000000012,1
915.400000000013,69.8360000000018,177.4,3.86990619999954,186.6,4.71994339999982,0,0,10.7900000000011,1
924.02549958307,60.1092415698597,54.0323064094335,18.8272155201875,71.6598043247628,23.4787818483397,0,10.5240424705204,12.90833003497,1
923.668273562647,60.3009070692777,52.9331494235115,18.189477698527,68.7745172367176,22.9793486145092,0,13.9589080515266,11.4553818942044,1
921.370000000008,60.9799999999989,42.5,21.5417321999997,53.5999999999999,25.6353323999999,0.00999999999999091,50,11.9800000000001,1
921.459843557742,77.0532952188329,51.7823519072013,5.99008611065874,74.5180391984533,8.11886343616485,0,0,12.9325887677914,1
920.59812156305,53.1549276302824,44.8254972868272,5.34924034815331,73.4216297025641,7.24704911607537,0,0,19.31840056083,1
914.154388930716,81.5102495899801,125.453293630442,2.65155396915177,141.837043932985,3.41693667594581,0,0,20.2316443282372,1
921.320000000005,60.6740000000006,110,4.09360019999968,53.9999999999999,4.89889859999992,0,0,23.7700000000001,1
918.944562105414,62.3535133132245,165.627566566105,3.51270506493154,189.121440662526,4.6576313475631,0,0,23.2970494097609,1
919.888128170697,68.6878221038969,228.517729864594,3.96085768002671,247.954028132927,5.18554715949424,0,0,14.4928391891868,1
922.412658689933,64.0185369309522,127.981695263461,3.25091611913167,102.552787816084,4.84472324506715,0,0,15.9826103839528,1
918.326884454048,74.3630205403493,70.4477660422867,3.75171726559465,101.916838808815,5.20625351493899,0,0,10.4464148398853,1
919.70000000001,76.2079999999983,31.2,1.07373119999956,73.9999999999999,1.52111919999995,0,0,15.240000000001,1
921.160291324155,75.1894177166766,225.537540334963,2.17327441024738,250.63815186865,2.91776277101472,0.035138440722599,263.538305419732,43.5711984769578,1
921.350000000006,61.8080000000006,64.9,7.60559599999963,79.5999999999999,9.59647260000012,0,0,18.47,1
920.70121139682,73.8531314783589,61.1917181375817,8.23690610612293,76.4566634442567,10.3825957981068,0,0,15.9026058507634,1
919.300000000001,63.6080000000024,171.9,4.18307780000004,194,5.74893579999997,0,0,18.5300000000002,1
921.170000000009,70.3219999999982,52.1000000000001,17.6941953999997,70.4999999999999,22.1904447999999,0,0,9.42000000000069,1
923.349126953682,48.6111609306966,46.6873457556324,14.1417940126929,67.6011822998558,18.1772169114629,0,17.9446538231057,17.203283082455,1
920.935243296655,64.8842062953205,47.927046249409,15.0116453023722,64.3188612517729,18.627607083796,0,0,9.89545705669774,1
923.8916608008,56.9868798753694,51.3833833371147,13.3398707568584,67.7590756980681,17.4962426011066,0,0,17.6088296214509,1
922.352876019983,69.3988107060574,69.9542525741189,6.14778505943799,91.6174507625632,7.73843862236165,0,0,12.7296686033922,1
924.510000000006,71.9060000000007,196.7,6.64371179999962,217.9,8.27667799999999,0,0,15.8100000000003,1
921.159382070174,66.4358285397953,207.428901126333,2.86867113493735,232.391120442072,3.82348629451949,0.469525894319051,1455.97237330187,44.4268370160782,1
918.210000000007,49.8560000000013,89.5,5.54761119999961,99.5999999999999,8.99249879999993,0,0,18.0900000000003,1
921.264865999957,76.3728360677936,226.356699058358,1.90919112901665,249.387781027098,2.58027312901703,0.0397320471090589,293.033224836393,47.0250910104938,1
919.370000000006,65.1380000000007,54.4,8.72406599999965,68.4999999999999,10.7596814,0,0,16.5500000000003,1
924.571260179009,60.4212402562396,161.768827313603,1.9954691615036,167.097738857857,2.98458508510383,0,0,10.0187096724376,1
920.827733579882,62.1840318224901,66.0643972645373,7.43705744125689,80.0965811863467,9.32834307472749,0,0,16.8021721534422,1
915.576939290285,73.7534353715065,182.389302086896,9.33340190233756,193.381521786456,10.8946913352059,0,0,31.6299772960463,1
922.730000000009,72.2299999999993,67.9,6.53186479999977,92.1999999999999,8.32141679999998,0,0,13.07,1
916.500000000007,85.5859999999996,121.1,1.29742519999983,80.5999999999999,1.74481319999987,0,0,15.9199999999999,1
918.400000000002,57.5600000000041,163.5,3.15408539999996,211.5,4.36203300000011,0,0,27.1900000000003,1
919.3224913343,72.2093725646678,181.438638989608,2.7169116808986,186.786607700152,3.3552867108516,0,0,12.3412072193985,1
919.871551377127,65.6674819362744,81.6629779277397,3.8429418028055,91.1394392213996,5.03738557613846,0,0,13.538289523665,1
922.542989053604,67.9060574184184,198.484233379467,4.28088478962786,208.609762096123,5.2623844541795,0,0,11.5018787858572,1
921.557539920745,64.2505852210053,65.2192921857522,10.9268001982833,81.515753114513,14.0783126740279,0,0,14.2792900620029,1
919.90757872772,63.8584445820022,74.0288866880404,7.89479523705318,81.7560500857648,10.3170412847092,0,0,11.9451574554338,1
917.650000000007,82.4360000000042,108,2.21457059999976,62.7999999999999,2.84091379999999,0,0,7.1300000000004,1
920.225445990265,75.2401692326797,213.627641578705,3.01616503354734,222.478617921065,3.87170466052144,0,0,23.2774177290818,1
921.269442626127,54.1581691759519,50.7355045350488,4.92506387367236,65.8112713921497,6.25987408775675,0,0,19.6651533714204,1
920.192029384943,67.3250128053338,152.757704923408,1.22471669312071,136.36590783204,2.06635343280232,0,0,14.0097534782847,1
921.520000000007,59.2160000000009,48.8,14.7861733999996,63.3999999999999,18.1192140000001,0,40,18.94,1
921.975219576156,67.320973292891,55.7678482929908,16.9622401364902,70.6347191628834,20.9914395195618,0,0,15.9921638674575,1
916.230300451527,62.7208028400242,46.6515779579506,9.51409196628409,66.3941345373884,12.0901722505666,0,0,28.2723621084033,1
920.736640702005,69.5320769560828,183.126655247533,4.01966629439024,189.555221481271,4.80268241649442,0,0,14.5923648578976,1
921.414277433471,62.5644959477011,64.9988883591766,8.63421006671948,80.193330155059,10.9845485717564,0,0,17.1720902858083,1
915.62563314631,77.3011367472616,209.222279709545,1.76015283838999,233.52237308359,2.39814239821143,0,0,20.406008556811,1
921.591567362941,59.4285550679229,49.6230246737674,16.4751429117326,64.1872409922991,20.7127027289168,0.00357836814656728,47.1567362936292,15.9842679107313,1
918.370000000007,72.9319999999987,184.5,2.0132459999998,186.7,2.77380559999986,0,0,8.8100000000001,1
920.217105596039,56.6458378227392,73.9205545078888,3.99282572808905,63.7761868916227,4.79859578827469,0,0,22.9147242851995,1
921.61337253065,68.658972565101,70.7035554621347,2.24893157454922,96.8447011960462,3.04304912088379,0,0,12.383206793771,1
920.979779300397,71.4735919261709,37.7282518519321,2.72745390186932,64.7335197530396,3.77807180425919,0,0,20.8215978191672,1
921.620473116103,75.3656238416098,178.061091391296,1.88643668495843,203.356990732857,2.42544026607054,0,0,13.1718129770624,1
920.100000000005,52.970000000001,43.3,5.39102539999971,77.4999999999999,7.44901019999998,0,0,19.06,1
921.038077493461,51.3550080272172,46.527495161529,16.5418934695791,59.7337274956407,21.0310174686221,0,19.0264762805541,11.5954990323058,1
916.258308673554,74.5930133926265,181.852429703746,8.76824011460949,193.188037304676,10.2392685482742,0,0,29.6669244806833,1
920.667617655367,68.3953422564775,196.16481573568,4.14640585269757,212.353598111609,5.48913382206115,0,0,15.9157650668179,1
918.174955641638,73.221486889789,183.610323979368,1.64583334567515,186.220943681198,2.35281193358618,0,0,9.72362883657184,1
920.710000000009,50.4140000000004,45.7,16.2849231999998,58.3999999999999,20.7588032,0,20,11.43,1
923.770000000002,71.7800000000041,197.5,3.8699061999999,211.3,5.14496200000007,0,0,13.7000000000003,1
925.27766119211,66.4665745906728,49.4049390974192,11.2288538812865,77.8993462959297,15.3440110941853,0,0,13.9327382937165,1
918.840000000008,68.9539999999995,45.8,3.8922755999998,82.4999999999999,5.56998059999983,0,0,14.7399999999999,1
918.700000000004,69.4220000000046,161.1,0.782928999999939,193.6,1.18557820000005,0,0,18.1800000000004,1
915.820000000007,62.4919999999992,45.3,8.5674801999998,65.2999999999999,11.1399611999998,0,0,29.9200000000001,1
920.280000000009,74.0299999999969,120.9,2.23693999999965,119.8,2.88565260000003,0,0,13.4800000000003,1
920.862910432983,74.0146569947839,210.7392472053,1.57364519108537,254.006744507265,2.32465354876228,0,0,12.0101219838292,1
919.235152568006,65.9511124417707,194.3433328628,2.94201868627103,216.569792401875,3.65881037488633,0,0,14.0735035540757,1
921.727033512247,61.2496174315076,56.5014511411809,10.2417652959665,76.7739116441143,13.1227900396095,0,0,17.9185520773563,1
920.340430562814,67.2812226224231,196.693374605532,4.6392438037943,209.023159324127,6.06062533900995,0,0,15.2536754404437,1
923.394623971262,62.2310392166469,44.9311662810435,15.0051754697974,63.5209747700081,19.2648777006653,0,0,10.9409164022591,1
925.278535468258,58.0947662509894,52.6062028347667,18.2542494174101,68.4023905766587,22.7421060721784,0,10,14.5516670713884,1
918.600000000006,87.4400000000036,40.9,3.40014879999977,53.4999999999999,4.40677179999992,0,0,12.1100000000005,1
921.17000000001,69.5479999999983,37.1000000000001,2.34878699999958,65.0999999999999,3.33304059999994,0,0,18.970000000001,1
925.290000000009,68.3599999999982,39.9,14.0703525999996,55.8999999999999,19.5284861999999,0,0,13.9900000000006,1
920.423862879329,70.8600579930892,198.973954374256,4.38891561841625,211.300843632301,5.2594430401761,0,0,11.9506642082824,1
920.300167510041,66.9531102055907,49.2385687061412,21.4181968687793,62.8030019057011,25.8156306165877,0,38.2771374122823,13.0286773344843,1
914.830000000006,85.4599999999995,120.5,1.43164159999983,132.8,2.23693999999985,0,0,18.1499999999999,1
922.900000000004,71.0780000000011,151.8,3.15408539999965,182.4,4.38440240000001,0,0,23.7900000000001,1
919.491133340018,68.8055952432284,228.801705805788,4.12623431271015,247.190470670689,5.39691492453361,0,0,15.0632499749696,1
920.992757290378,63.4855222773864,163.569123235789,1.40101039276202,195.12850486025,2.01407027965986,0,0,13.9237018506883,1
923.051873414024,68.1943223203919,227.295374009166,2.47447780082463,253.566743392271,3.2768455261086,0,0,10.1455339538957,1
920.971398046767,68.2538228810711,192.154375460234,2.24827862346163,221.680186993743,3.12588054543838,0,0,18.6420529473474,1
920.844324383308,69.7458300361858,48.757448612155,12.9009577295421,65.0138900313287,16.3042136462102,0,0,14.157681525532,1
918.894229797665,64.734424495423,171.527752701159,2.88200231288165,191.258973063543,3.68861516619534,0,0,10.8627964541186,1
923.12000000001,68.2699999999983,227,2.48300339999964,253.4,3.28830180000003,0,0,10.0200000000001,1
919.00959051221,62.5830253372127,166.775126686047,3.63535172581186,190.013987422481,4.85728870248451,0,0,22.4249037186046,1
920.09567763463,53.8003301819342,212.84840519508,4.36622185708955,223.009959657481,5.13137124506058,0,0,19.8175518978252,1
922.600000000002,59.3240000000039,165.3,1.83429079999997,196.2,2.59485040000009,0,0,10.9400000000003,1
920.823910238641,66.57096157046,198.00539586663,4.12836921792714,210.595935453293,4.95664842435977,0,0,13.52217246404,1
922.57206484933,60.671663851368,139.877384733899,3.05259823271448,145.640314473939,4.79479395289783,0,0,18.9390166135865,1
919.287985441125,76.7082336742916,166.797412428315,1.30294741387335,199.306112153351,1.81413028554952,0,0,19.3519287862349,1
920.715531913315,62.8157915071643,116.131280879312,3.87276050376818,51.2807596100225,4.7710440390238,0,0,24.0523160404881,1
921.500000000007,62.9960000000006,74.6000000000001,5.27917839999965,90.2999999999999,6.42001780000009,0,0,11.9599999999999,1
919.700000000012,78.5300000000007,187,4.9436373999995,193.8,5.72656639999993,0,0,8.48000000000119,1
926.520000000003,65.5160000000033,56.9,17.4928707999999,67.3999999999999,20.7140644,0,0,15.4800000000006,1
916.100000000002,82.4540000000012,180.7,3.55673460000002,210.8,5.30154779999993,0,0,19.3400000000001,1
920.80272584854,72.8910007040063,99.3992076285174,2.01485901427553,147.090412078486,2.99714510250714,0,0,6.92947303897827,1
919.721008002923,70.2349850446951,118.161587019447,3.32550979082819,161.676002750261,4.96445992068158,0,0,18.7833775497216,1
921.862506840693,61.4066874349083,75.1524965494139,2.55063182112172,62.9518810082845,3.07034550749347,0,0,21.6302701649151,1
920.396217032343,72.2204433256343,226.992919938414,3.07760686862073,249.101917842785,4.06626499314884,0.0189675562398247,142.256671798814,30.4363975558122,1
923.953386852447,60.1479328234054,53.8104210844377,18.6984762539739,71.077355346649,23.3779619410639,0,11.2174341111321,12.6150253709913,1
922.69285760378,62.7270702776561,60.4055853941207,7.65979056369521,76.3471351843689,9.66258950071237,0,0,25.0485079046084,1
924.790000000009,68.3059999999985,56.5,14.9874979999997,76.9999999999999,19.6179638,0,0,10.9700000000001,1
922.273264482376,68.7891678500381,57.1875078533293,9.58384448622642,82.3306421212918,12.7722945889172,0,0,7.52205657827961,1
919.242813027423,61.4497223976914,259.308971232721,1.81852750251745,256.218518819399,2.36309253036969,0,0,16.3792409075466,1
919.400000000008,58.4059999999991,40.4,6.68845059999975,61.5999999999999,8.41089439999988,0,0,15.0200000000001,1
916.540000000008,80.3839999999984,99.3,1.09610059999986,96.7999999999999,1.47638039999981,0,0,13.22,1
919.759618020604,69.7735241497791,120.201208926892,3.39915860315075,161.918308426843,5.08676557164224,0,0,19.6488531373141,1
919.840000000007,65.677999999998,64.9,9.48462559999975,74.7999999999999,10.8715283999999,0,0,18.11,1
919.337554578193,85.2920026937324,96.8107794272484,3.09676195075751,52.1610689636131,3.94878200792813,0,0,15.3384855841093,1
918.719414547109,61.5821552516078,257.176262122543,1.80394444740024,259.394299634118,2.35267606242883,0,0,17.5666662854841,1
923.734615141283,59.0893501351963,53.3288512465477,18.6539859480934,70.6959131856121,23.2684035687431,0,11.0248808864145,12.9557702493097,1
923.14046962414,58.2345193409911,47.6659760597201,10.3519342071997,65.705018448523,13.109225387454,0,0,17.216162540716,1
923.107768093433,60.6016398114118,51.2085172105371,17.1888352018182,64.2473576776596,22.1957129243157,0,19.3483837170717,9.17563368767871,1
921.569845904315,61.7912793255886,62.2061135669218,8.47833605979143,78.7949304912639,10.7809055382889,0,0,18.2315755685667,1
916.218401226377,79.5179100315049,96.7441945319523,2.20095178058504,136.275653521594,3.23471042572408,0,0,13.370537978178,1
920.508940033668,80.9889222420938,58.9035771042393,9.48231341723832,78.4823777774933,11.8218161370333,0,0,19.1719174745294,1
920.080777067159,60.966454006613,163.71308791632,2.75132947175408,190.116837012559,3.64500758862177,0,0,20.4813089031276,1
923.100000000003,75.5960000000034,178.3,1.4092721999999,205.2,1.85666019999998,0,0,11.8800000000006,1
922.858110117249,64.9893607901515,63.4830468933119,10.2611871752062,73.1705039273086,11.9492056880415,0,0,14.5251086400794,1
925.550000000006,50.9180000000008,32.6000000000001,5.41339479999965,57.4999999999999,8.12009220000007,0,10,29.09,1
924.017856259531,68.3703068965938,56.3040829315205,15.1627998908655,76.585116796161,19.8035775667991,0,0,11.5992395258226,1
916.260000000013,79.7720000000021,185.7,3.51199579999936,201.5,4.1607083999998,0,0,27.6800000000011,1
920.856912938935,69.8843380576341,47.3359658335939,12.2386698413123,66.7291622904292,16.0678599119023,0,0,11.9568515026571,1
918.060000000009,74.8220000000004,271.1,2.08035419999977,295.4,2.86328319999991,0,0,42.4200000000005,2
915.300000000006,78.4040000000042,182.8,9.93201359999979,189,10.9833754,0.0200000000004366,170,35.1300000000003,2
918.070000000002,51.7100000000023,242.4,2.52774219999994,271.6,3.64621219999999,0,0,80.4700000000004,2
920.080000000006,80.5820000000038,40.7,4.51861879999976,62.9999999999999,5.88315219999998,0,0,29.5800000000004,2
919.650000000002,77.0360000000015,70.6,3.82516739999999,85.5,4.76468219999997,0,0,22.0700000000002,2
920.820000000008,62.437999999998,213.6,2.61721979999964,165.7,3.31067120000004,0,0,43.6400000000002,2
918.800000000004,67.0820000000023,176.1,4.87652919999969,183.4,5.56998059999991,0,0,18.9,2
917.230000000006,67.6760000000039,177.8,2.46063399999976,93.1999999999999,3.28830179999991,0,0,40.6400000000002,2
920.350000000005,47.5700000000002,192.1,6.26343199999969,205.7,7.605596,0,0,54.55,2
918.030000000003,50.6660000000051,128.9,2.5277421999999,117.4,4.00412259999995,0,0,76.8800000000003,2
914.490000000004,49.8920000000056,163,4.85415979999991,189.6,6.73318939999997,0,0,92.1000000000004,2
915.840000000006,40.1180000000011,171.9,10.5359873999996,188,12.9295132,0,0,86.4300000000003,2
919.350000000006,91.1120000000045,96.4,2.52774219999982,96.2999999999999,3.37777940000003,0,0,25.6200000000002,2
914.670000000009,64.1660000000004,137.8,2.12509299999972,177,2.72906679999979,0,0,58.5700000000005,2
921.500000000006,49.5500000000012,90.7,1.74481319999961,112.3,2.68432799999996,1.52999999999975,5420,34.3500000000003,2
914.900000000008,64.6880000000009,174.6,5.65945819999974,184.5,6.86740579999988,0,0,43.3700000000003,2
917.900000000007,65.6600000000002,183.7,6.06210739999984,188.5,6.50949539999988,0.0209999999999582,319,74.2200000000004,2
918.580000000007,76.9820000000042,150.7,1.31979459999976,182,1.94613779999999,0,0,15.5400000000004,2
916.420000000002,45.0140000000056,82.8,3.06460780000006,129.8,4.80942100000005,8.73999999999978,7000,57.7100000000001,2
922.570000000005,45.6259999999999,182.8,5.21207019999969,191.4,6.0173686,0,0,85.71,2
920.030000000002,66.9920000000037,172.5,2.46063399999988,168.1,3.31067120000007,0,0,29.8900000000003,2
917.020000000006,53.2580000000009,180.2,3.13171599999965,216.6,4.45151059999993,0,0,25.0900000000003,2
922.790000000008,53.978,182.6,1.85666019999976,208.2,2.63958919999998,0.0199999999999818,180,17.39,2
920.10000000001,53.4919999999985,186.1,13.4440093999997,193.8,15.3677778,0,0,31.47,2
916.220000000009,68.2519999999994,183.1,9.93201359999982,190.8,11.1623305999998,0,0,24.66,2
915.570000000006,61.3400000000005,174.3,4.89889859999963,180.6,5.50287239999996,0,0,13.8900000000003,2
916.800000000003,65.4440000000046,164.4,3.55673459999993,196.6,4.71994340000004,0,0,21.6100000000003,2
920.930000000009,63.8239999999986,196.4,7.6503347999997,204,8.56748019999999,0,0,20.6300000000001,2
916.820000000008,50.2880000000006,73.7,2.68432799999973,90.3999999999999,3.42251819999989,0.470000000000027,1030,58.73,2
915.320000000006,83.8399999999994,219.9,1.52111919999984,245,2.05798479999986,0,0,17.49,2
916.520000000004,51.6380000000042,190.8,7.40427139999972,198,8.38852499999988,0.369999999999663,2170,91.6900000000001,2
921.390000000004,46.6700000000007,46,1.70007439999969,72.6999999999999,2.21457059999997,0,0,38.09,2
921.500000000004,54.5360000000022,220,5.01074559999962,234.9,6.44238720000005,0,0,82.28,2
917.400000000007,73.8679999999995,181.7,4.13833899999984,189.8,4.76468219999984,0.0500000000000682,460,58.9099999999999,2
916.450000000005,62.6540000000006,193.7,3.53436519999967,208.8,4.42914119999994,0,0,47.43,2
922.880000000008,53.744,186.9,2.81854439999976,223.2,3.66858159999998,0,0,28.68,2
915.100000000003,47.1380000000033,189.8,3.8922756,215.5,5.48050299999999,0,0,72.2900000000005,2
918.290000000013,75.2360000000019,210.9,2.30404819999937,232.8,2.97513019999978,0,0,35.9600000000011,2
915.170000000011,51.1700000000001,235.3,1.56585799999955,237.4,2.41589519999997,0,0,89.8500000000011,2
920.700000000012,76.1720000000025,190.9,6.26343199999943,199.6,7.27005499999974,0,0,35.8500000000012,2
918.320000000005,74.7320000000046,239.5,2.05798479999981,273.4,3.0198690000001,0,0,27.4799999999998,2
920.180000000011,62.7439999999993,32.6000000000001,3.01986899999959,51.2999999999999,3.82516739999994,0,0,45.2100000000007,2
913.610000000008,79.6280000000004,180.5,3.2659323999998,187.9,3.7580591999999,0,0,12.7600000000006,2
916.040000000012,88.8440000000022,176,1.40927219999942,112.8,2.19220119999977,0,0,7.37000000000095,2
916.500000000007,76.9280000000046,159.1,1.2974251999998,206.2,1.92376840000001,0,0,42.5200000000002,2
918.000000000004,66.8660000000042,198.4,2.68432799999971,210.8,3.26593239999989,0,0,62.27,2
916.270000000011,71.7260000000006,189.5,12.2136923999995,194.9,13.4440093999999,0,0,16.0900000000012,2
918.800000000003,48.4160000000048,24.8,2.05798479999995,60.0999999999999,2.95276080000006,0,0,65.1200000000002,2
919.080000000001,72.7519999999998,166,2.46063399999999,198.9,3.13171599999998,0,0,41.9499999999999,2
913.060000000003,64.8140000000056,139.9,1.18557819999991,184,1.94613779999996,0,0,60.8000000000004,2
921.186223459361,71.2038227788007,214.248938374188,1.69079339655372,173.388878407993,2.67368146708012,0,0,17.1031506826432,2
915.560000000008,57.3080000000004,180,9.48462559999963,185.1,10.3794015999999,0,0,37.2100000000004,2
918.770000000001,68.6480000000015,160.3,2.14746240000003,198.4,2.95276079999996,0,0,34.0800000000002,2
916.550000000011,57.9559999999995,174.4,3.13171599999956,195,4.0712307999999,0,0,60.4600000000012,2
916.550000000009,53.5099999999984,205.8,3.80279799999961,226.1,4.94363739999994,0.00999999999999091,10,84.4800000000006,2
917.220000000001,79.9519999999998,52.8,3.60147340000002,68.6,4.58572699999996,0,0,23.2500000000001,2
919.270000000003,50.0540000000051,37.8,2.93039139999999,63.8999999999999,3.95938380000002,0,0,70.7600000000002,2
919.600000000006,46.9220000000001,205.6,16.2401843999997,214.7,18.0521058,0.0299999999997453,293,91.34,2
918.980000000011,78.9440000000025,268,1.56585799999937,241.1,2.10272359999974,0,0,36.3500000000011,2
918.400000000008,60.925999999999,189.3,5.18970079999976,195.6,5.6818275999999,0,0,13.16,2
916.100000000008,51.2239999999983,199.9,3.26593239999976,220.1,4.02649199999976,0,0,88.4300000000005,2
915.630000000012,72.3560000000025,165.3,3.80279799999945,179,5.25680899999974,0,0,52.3400000000011,2
914.980000000006,84.3620000000054,178.4,1.43164159999979,209.3,1.96850720000005,0,0,37.6400000000003,2
916.500000000001,71.0419999999998,102.3,2.41589519999999,49.1,3.22119359999996,0,0,49.0099999999998,2
924.140000000004,55.5620000000012,222.4,3.24356299999963,239.7,4.04886139999995,0.00999999999930878,140,90.66,2
919.740000000002,57.5060000000044,212.9,1.96850719999996,245.8,2.81854440000007,0,0,37.4400000000004,2
919.360000000007,48.739999999999,280.9,2.52774219999975,274.8,3.66858159999978,0,70,90.7000000000006,2
911.700000000011,47.8039999999983,190.1,3.31067119999956,217.7,4.0712307999999,0,0,90.0900000000006,2
913.520000000013,62.5100000000022,182.9,8.3214167999995,189.1,9.30567039999979,0,0,40.250000000001,2
907.990000000002,41.3600000000035,161.2,12.2584312,187.7,17.7613036,0.980000000000359,3079,89.6800000000005,2
917.650000000006,84.2720000000047,204,1.05136179999981,242.5,1.61059680000009,0,0,16.6799999999999,2
920.000000000008,74.8939999999986,46.7,6.97925279999974,64.7999999999999,8.97012939999976,0,0,27.3600000000006,2
915.490000000008,59.3240000000005,162.1,3.37777939999972,180.8,4.5633575999998,0,0,66.4500000000005,2
922.890000000002,63.1760000000058,183.6,4.40677180000008,198.5,5.72656640000005,0,0,31.7400000000001,2
921.540000000002,45.2840000000044,192.1,8.41089439999995,200.2,9.37277860000005,0.0799999999999272,397,77.1300000000004,2
918.880000000007,60.6920000000003,178.8,4.36203299999964,185.4,4.92126799999991,0,0,34.7700000000004,2
923.600000000002,40.6220000000039,130.9,1.72244379999997,163.1,2.75143620000007,0,10,79.2600000000003,2
915.500000000012,68.8100000000023,177.4,3.55673459999943,195.7,4.58572699999975,0,0,50.3600000000012,2
918.710000000009,40.4600000000003,214.5,16.1283373999998,222.4,18.2757997999999,0,40,79.78,2
914.700000000009,63.5720000000003,171.9,8.56748019999972,182.8,10.6254649999998,0,0,51.6200000000005,2
919.280000000012,72.6440000000021,95.9,4.71994339999941,85.5999999999999,5.88315219999979,0.00999999999999091,20,47.510000000001,2
915.600000000001,56.2819999999996,178.3,3.19882419999998,201.7,4.16070839999996,0,0,89.9500000000001,2
917.4,70.3219999999997,176.2,6.12921560000004,184,7.13583859999997,0.0499999999997272,270,49.43,2
922.180000000007,42.4760000000014,195.4,7.13583859999962,208.5,8.45563320000001,0,0,84.0799999999999,2
920.020000000002,49.9460000000049,183.4,8.38852500000007,193.7,9.82016660000005,0,0,50.3600000000001,2
922.320000000004,55.526000000001,215.9,9.39514799999964,228.5,10.849159,0.0200000000004366,60,91.12,2
917.080000000011,63.9679999999982,220,3.48962639999957,230,4.36203299999987,0,0,22.5600000000006,2
920.500000000008,40.8380000000002,185.3,5.56998059999974,203.3,6.9792527999999,0,90,70.31,2
916.450000000006,74.3180000000044,129.3,1.05136179999979,102.2,1.76718259999999,0,0,24.7500000000002,2
915.40000000001,45.3919999999987,249.3,11.2070693999996,289.7,15.0098673999999,0.559999999999945,2495,90.4700000000008,2
917.600000000012,74.9300000000022,63.9,11.6544573999994,84.6999999999999,15.0993449999998,0,70,53.8300000000011,2
917.560000000012,68.6120000000025,171.6,7.60559599999944,179.6,8.67932719999975,0,0,40.1400000000011,2
914.060000000008,68.6300000000004,180,3.98175319999985,200.2,5.07785379999989,0,0,59.2100000000005,2
914.830000000011,74.5700000000024,175.5,1.40927219999945,153.8,2.23693999999974,0,0,47.5100000000011,2
919.470000000006,84.5780000000033,53,3.13171599999978,77.9999999999999,3.98175319999992,0,0,16.7400000000005,2
923.820000000002,64.3640000000057,126.4,2.97513020000007,63.7999999999999,3.46725700000005,0,0,22.1900000000001,2
915.730000000003,45.7340000000023,182.2,7.31479379999994,190.1,8.50037199999998,0,0,90.6100000000005,2
917.150000000004,49.3700000000051,169,10.2004464,184.6,12.6610804,0,0,34.7000000000002,2
916.400000000007,78.5119999999996,182.5,3.91464499999984,191.6,4.63046579999986,0,0,34.71,2
913.800000000004,68.9540000000054,139.6,2.2369399999998,188.5,3.53436520000005,0,0,35.1600000000001,2
913.633267677042,82.6641642574292,206.371593128903,1.31149087378339,165.085817895976,1.90780116396338,0,0,15.6117342764002,2
913.490000000008,51.097999999999,169.3,5.30154779999973,192.3,6.77792819999975,0,0,76.0500000000005,2
913.260000000007,48.2539999999973,235.9,11.4978715999997,252.6,14.1821995999999,0,150,89.75,2
918.300000000001,51.8360000000015,203.5,1.67770500000003,189.8,2.2593093999999,0.0199999999999818,240,61.3800000000001,2
916.750000000008,61.5740000000002,79.7,2.55011159999966,96.4999999999999,3.15408539999993,0,0,35.2400000000003,2
916.100000000006,56.4260000000013,184.1,10.2451851999997,194.8,12.079476,0,0,22.6400000000003,2
918.030000000009,44.0599999999972,165,7.51611839999962,186.8,9.90964420000006,0.0199999999999818,250,90.4300000000002,2
915.100000000007,89.7800000000054,159.5,2.63958919999979,189.2,3.75805920000004,0,0,30.2700000000003,2
917.930000000008,48.0559999999985,258.2,2.68432799999977,287.6,3.89227559999993,0,40,82.8100000000007,2
918.100000000012,58.7660000000021,188.1,4.63046579999942,199.9,5.86078279999978,0,0,87.900000000001,2
918.100000000009,44.7259999999972,185.9,9.01486819999963,196.8,10.737312,0,10,87.2700000000002,2
916.300000000003,58.4960000000044,175,4.07123079999994,182.4,4.71994340000006,0,0,24.0500000000003,2
918.100000000004,61.9880000000047,191.1,11.0504836,199.4,12.7281886,0,0,19.2400000000002,2
919.920000000003,52.2140000000048,94.5,1.99087659999999,85.2999999999999,2.77380560000002,0,0,60.3300000000002,2
913.200000000008,39.0199999999997,185.8,8.8135435999998,200.8,11.0728529999999,0.00999999999999091,130,91.4200000000007,2
912.890000000011,45.3199999999997,213.4,21.2509299999995,220.5,23.5773475999999,0.0299999999999727,250,84.0900000000012,2
912.800000000003,42.5120000000045,190.8,11.3860246,198.1,12.7281886,0,0,89.7700000000002,2
916.400000000005,72.9680000000046,175.9,3.19882419999982,186.4,3.95938380000012,0,0,19.9599999999998,2
917.060000000006,79.1780000000045,218.8,1.49874979999979,215.7,2.21457060000009,0,0,34.2999999999998,2
915.690000000005,43.6460000000053,177.9,9.17145399999981,187.3,11.1175918,0,80,91.8800000000002,2
917.15000000001,59.9539999999985,191.4,6.68845059999959,198.2,7.38190199999994,0,0,20.1200000000006,2
919.110000000004,58.4600000000045,38,2.16983179999997,60.0999999999999,2.81854440000001,0,0,32.7000000000002,2
917.700000000008,65.371999999998,85.9,3.06460779999976,90.5999999999999,4.54098819999985,0,0,22.93,2
917.350000000006,74.9480000000051,190.1,1.31979459999981,215.6,1.9237684000001,0,0,57.8999999999999,2
917.800000000011,75.9020000000019,161.9,8.74643539999937,183.5,12.5939721999998,0,0,42.0900000000009,2
911.450000000008,66.3260000000002,66.2,1.83429079999974,78.0999999999999,2.88565259999972,0,0,47.6100000000005,2
918.300000000001,78.8540000000015,88.4,2.84091380000002,108.4,3.93701439999996,0,0,15.7700000000002,2
915.920000000011,47.4439999999985,204.7,4.11596959999956,224.1,5.34628659999993,0,0,72.380000000001,2
921.110000000004,63.9680000000049,36.1,3.28830180000003,57.1999999999999,4.02649200000003,0,0,26.6000000000001,2
914.630000000005,55.4000000000041,191.1,5.36865599999971,199.6,6.42001779999986,0.0400000000007594,380,91.49,2
915.710000000005,78.0440000000046,53.1,4.27255539999985,72.6999999999999,5.18970079999998,0,0,26.5300000000003,2
916.500000000014,74.5880000000021,101.2,1.83429079999939,132.4,2.59485039999977,0,0,33.7300000000009,2
919.580000000012,62.1140000000021,192.3,4.56335759999944,207.6,5.65945819999976,0,0,76.030000000001,2
917.700000000008,56.2640000000002,199.3,3.55673459999985,211.8,4.69757399999986,0,0,75.1600000000003,2
912.980000000004,46.9940000000048,190.2,5.65945819999989,202.6,6.82266699999999,0,0,91.3300000000002,2
912.300000000012,74.5520000000022,164.4,3.75805919999935,182.8,4.80942099999978,0,0,34.160000000001,2
924.16000000001,61.8799999999982,111.8,3.44488759999963,119,4.80942100000004,0,0,15.2100000000001,2
918.690000000006,48.9020000000008,200.4,4.47387999999963,222.1,6.0844768,0,0,77.7000000000003,2
921.800000000001,53.4920000000053,305.9,3.08697720000007,275.6,4.20544720000005,0,0,23.6700000000001,2
923.950000000009,48.1819999999971,28.9,4.1830777999996,44.6999999999999,5.14496200000003,0,0,74.2100000000002,2
922.200000000007,58.2980000000011,41.3,4.67520459999964,55.7999999999999,5.74893579999999,0,0,32.4000000000002,2
915.300000000007,51.5120000000001,179.4,5.07785379999965,186.5,5.74893579999992,0,0,68.5200000000003,2
915.030000000007,72.4279999999984,162,2.37115639999986,190.8,3.3106711999998,0,0,43.1900000000001,2
917.014756822053,82.0845539263543,205.638743270664,1.27377932818114,239.682834602117,1.85772738686824,0,0,17.84921570435,2
918.370000000008,65.3179999999989,188.3,6.21869319999974,209.7,7.56085719999992,0,0,20.46,2
921.090000000008,70.1240000000001,182.8,2.90802199999985,204.5,3.53436519999987,0,0,43.9500000000004,2
919.09000000001,56.1739999999981,21.7,5.32391719999959,40.5999999999999,6.37527899999993,0,0,40.0800000000007,2
914.360000000012,59.9180000000024,175.3,4.87652919999945,187.8,5.86078279999976,0,0,74.2500000000012,2
919.010000000004,60.0440000000023,147.8,2.34878699999972,62.8999999999999,2.90802199999989,0,0,28.4700000000001,2
918.160000000008,72.3200000000005,206.2,2.12509299999985,242.8,2.97513019999986,0,0,44.8500000000002,2
916.100000000012,76.3520000000023,138.6,5.03311499999942,161.6,5.77130519999977,0.894000000000005,2981,30.930000000001,2
914.900000000004,72.1400000000046,89.8,1.58822739999991,59.0999999999999,2.28167879999999,0,0,18.7800000000005,2
918.360000000003,56.7140000000052,49.8,1.40927219999995,85.7999999999999,2.01324600000005,0,0,62.8900000000001,2
918.300000000006,83.8940000000041,62.2,2.70669739999978,74.5999999999999,3.35540999999994,0,0,19.1200000000004,2
916.300000000008,63.3019999999981,184.8,6.12921559999966,201.2,7.69507360000004,0,0,13.8300000000001,2
915.600000000009,87.3140000000002,15.5,3.28830179999978,45.2999999999999,4.63046579999991,0,0,23.1600000000005,2
918.790000000006,52.2320000000014,201,4.80942099999962,214.9,6.08447679999995,0,0,32.0800000000002,2
918.650000000008,73.1840000000001,174.1,8.27667799999982,185.3,10.1557075999999,0,0,47.5300000000004,2
916.330000000011,68.4140000000024,170,6.24106259999943,183.5,7.58322659999974,0,0,31.2200000000012,2
915.640000000002,66.4700000000022,181.5,9.37277860000002,187.4,10.2004464,0,0,14.7100000000003,2
913.830000000007,52.2860000000004,175.2,5.50287239999966,182,6.35290959999992,0,0,52.3700000000003,2
922.100000000006,54.1400000000009,85,1.43164159999963,94.7999999999999,1.90139899999995,0.0399999999999636,600,90.84,2
915.200000000004,66.5600000000056,48.9,4.47387999999991,59.8999999999999,5.21207019999996,0,0,38.4000000000004,2
917.100000000012,52.0880000000013,173.8,3.28830179999953,201,4.98837619999983,0,0,90.5800000000012,2
917.400000000011,74.0480000000026,182.1,3.08697719999943,201.1,3.89227559999974,0,0,36.1300000000011,2
914.610000000008,49.4419999999992,178.9,6.28580139999978,190.2,7.51611839999992,0,0,79.4600000000007,2
918.940000000002,46.6340000000049,260.2,2.77380560000005,287.2,4.00412260000002,0,0,76.0200000000001,2
915.700000000002,60.5120000000023,79.1,8.2319392,88.2999999999999,9.43988679999998,0,0,16.7900000000004,2
918.490000000011,69.5120000000025,149.5,1.92376839999944,155.5,2.70669739999977,0,0,52.400000000001,2
920.590000000002,47.8040000000046,127.6,2.28167879999994,156.9,2.97513020000005,3.70999999999992,6670,79.3000000000004,2
915.600000000007,70.2860000000048,121.7,1.76718259999982,165.3,2.52774220000004,0,0,52.3600000000003,2
912.650000000009,68.2700000000006,123.2,1.67770499999971,175.3,2.68432799999977,0,0,53.1800000000005,2
914.950000000005,39.5240000000007,274.2,2.16983179999969,263,2.86328319999997,1.75000000000068,6160,91.23,2
917.290000000002,78.2060000000047,51.5,7.18057739999987,67.9999999999999,9.19382339999994,0,0,21.8700000000004,2
914.620000000006,66.1280000000044,172.4,7.65033479999982,187,9.5964726000001,0,0,46.6999999999997,2
919.520000000009,62.239999999998,294.2,2.08035419999961,232.8,3.17645479999996,0,0,39.3000000000005,2
923.600000000006,51.980000000001,307.4,2.95276079999965,282.9,3.57910399999999,0,0,26.2200000000001,2
917.400000000002,45.1220000000057,215.5,8.18720040000007,225.4,9.64121140000007,0,0,91.4800000000001,2
922.470000000004,50.3600000000011,181.1,7.33716319999964,191.4,8.72406599999996,0,0,82.83,2
917.330000000005,79.8080000000047,198.9,1.99087659999982,225.8,2.77380560000007,0,0,28.4,2
921.730000000002,57.776000000004,80.6,2.10272359999994,58.7999999999999,2.66195860000011,0,0,23.9300000000003,2
915.500000000004,57.6320000000047,188.2,2.41589519999991,203.7,3.35540999999998,0,0,61.6500000000004,2
915.310000000011,78.8720000000023,212.4,1.65533559999947,189.8,2.08035419999975,0,0,26.9500000000013,2
914.130000000012,49.7119999999993,177.7,3.37777939999954,189.8,3.98175319999992,0,0,90.1100000000011,2
913.270000000006,40.1000000000011,190.4,12.9295131999996,201.4,14.9203898,0,0,81.4500000000003,2
915.870000000006,76.5500000000047,224.5,2.1698317999998,215.8,2.90802200000002,0,0,38.7200000000002,2
919.420000000006,53.1140000000012,199.6,5.88315219999962,211,7.13583859999999,0,0,67.9100000000002,2
913.70000000001,44.3299999999972,206,1.74481319999962,216.5,2.48300340000002,1.4799999999999,4900,73.7000000000002,2
921.170000000003,59.3420000000047,180.8,6.82266700000003,190.4,8.25430860000006,0,0,31.2300000000004,2
914.400000000013,79.916000000002,174.4,3.93701439999937,190.8,4.89889859999978,0,0,25.3900000000011,2
921.440000000008,61.2139999999987,200.5,5.50287239999971,211.2,7.0910998,0,0,13.3200000000001,2
915.300000000001,69.5300000000015,74.5,1.29742520000002,95.3,1.67770499999993,0,0,23.64,2
916.830000000006,80.7979999999984,193.8,1.94613779999986,218.7,2.68432799999983,0.0799999999999272,530,44.3799999999999,2
912.500000000005,57.3980000000056,123.7,2.6619585999998,133.8,3.86990620000005,0,0,67.2000000000001,2
914.860000000008,48.0379999999986,183.6,5.05548439999958,193,5.99499919999994,0,0,78.9900000000006,2
919.000000000012,69.8180000000021,238,1.67770499999936,269.3,2.16983179999975,0.07000000000005,270,69.990000000001,2
916.640000000008,68.8999999999978,195,2.95276079999972,208,3.66858159999992,0,0,26.01,2
916.700000000005,69.4760000000012,302.1,2.10272359999964,292.8,2.9303914,0,0,19.3600000000001,2
916.250000000006,79.754000000005,48.6,1.0737311999998,99.7999999999999,1.58822740000003,0,0,41.9900000000002,2
918.000000000005,60.3140000000007,187.5,4.27255539999968,207.6,5.54761119999993,0,0,35.83,2
917.540000000001,77.5040000000001,150.7,2.14746240000002,207,3.44488759999997,0,0,35.4900000000001,2
920.800000000003,57.542000000002,211.5,7.09109979999962,223.7,8.50037200000003,0,0,73.17,2
916.470000000006,66.0920000000041,65.1,2.57248099999975,83.0999999999999,3.37777939999997,0.369999999999663,2230,89.0800000000005,2
920.240000000006,74.4080000000041,173.1,6.48712599999978,180.7,7.35953259999999,0,0,27.8800000000004,2
918.000000000008,59.3419999999983,175.6,5.14496199999975,188.1,6.35290959999977,0,0,60.7400000000005,2
923.300000000005,58.8740000000013,69.8,8.12009219999961,86.5999999999999,10.0214912,0,0,33.05,2
916.170000000005,56.5700000000017,239.1,7.71744299999966,254.7,9.66358079999993,1.63000000000022,1860,70.8,2
915.930000000012,64.1180000000023,97,3.45234406666604,120.4,4.32475066666642,0.00999999999999091,10,47.2266666666678,2
916.700000000012,49.8020000000011,171.7,6.4423871999995,199.8,9.10434579999984,0,20,80.1500000000012,2
922.370000000004,56.4800000000044,110.6,1.87902959999974,90.8999999999999,3.17645479999991,0.0200000000004366,120,65.5400000000001,2
916.370000000007,76.7480000000005,206.7,4.04886139999984,215.3,4.83179039999987,0,0,18.5300000000004,2
917.850000000002,53.3120000000038,178.4,1.70007439999995,197.3,2.70669740000004,0,0,38.3600000000005,2
914.250000000003,52.5560000000046,179,7.96350639999994,188.9,9.37277860000004,0,0,49.7900000000003,2
918.000000000006,75.7400000000046,181.7,4.94363739999981,193.4,6.15158500000009,0,0,28.3799999999998,2
917.160000000007,90.2660000000051,331.8,2.8185443999998,249.9,4.29492480000004,0,0,20.7100000000002,2
914.430000000007,74.2459999999985,176.9,4.20544719999984,194.4,5.18970079999985,0,0,19.4499999999999,2
915.89,49.8020000000007,187.3,8.47800260000005,198.2,10.3570321999999,0.119999999999891,360,92.1200000000001,2
914.300000000007,48.1819999999985,177.5,2.48300339999976,203.4,3.17645479999993,0,0,90.9700000000007,2
913.500000000005,68.2340000000053,181,3.10934659999983,190.8,3.75805920000006,0,0,50.4800000000003,2
916.280000000012,71.6900000000022,185.2,4.02649199999937,200,4.74231279999978,0,0,43.0600000000011,2
913.660000000008,80.2040000000002,146.6,2.3040481999998,145.3,3.06460779999989,0.00999999999999091,30,28.2600000000006,2
917.900000000011,76.8020000000023,154.1,2.55011159999944,199.4,3.40014879999976,0,0,30.3100000000012,2
915.970000000006,63.7340000000046,205.7,2.3935257999998,220.3,3.08697719999999,0,0,87.2500000000002,2
918.400000000005,78.4220000000032,257.4,1.76718259999977,277.4,2.30404819999992,0,0,28.7300000000005,2
922.200000000003,45.6800000000035,285.7,2.28167879999996,281.5,3.31067119999998,0,0,20.1100000000004,2
921.360000000008,50.4499999999993,218.5,9.01486819999973,229.2,10.4688791999999,0.220000000000027,1070,80.6,2
916.030000000003,62.5100000000046,186.5,6.21869319999987,191.8,6.82266699999996,0,0,31.8500000000004,2
915.89,82.3999999999998,210.7,0.917145400000029,220.5,1.43164159999998,0,0,22.98,2
923.900000000002,62.6900000000046,95.4,2.95276079999995,74.0999999999999,4.63046580000005,0,0,30.8400000000004,2
917.010000000008,51.8360000000005,130.2,1.61059679999964,159.9,2.34878699999994,0,0,70.0100000000004,2
917.400000000006,70.7360000000001,187,1.18557819999985,220.7,1.72244379999985,0,0,39.4500000000001,2
920.860000000003,42.1340000000051,177.4,8.32141680000002,192.6,10.5807262000001,0,0,92.3100000000002,2
916.000000000007,81.5180000000042,98.4,1.70007439999977,99.5999999999999,2.50537279999999,0,0,21.3600000000004,2
916.180000000012,49.568000000001,181.6,7.2476855999995,191,8.92539059999983,0,0,83.6200000000012,2
913.490000000008,65.3900000000006,172.3,2.63958919999971,187.5,3.44488759999977,0,0,51.0600000000005,2
917.10000000001,61.5019999999969,189.1,3.73568979999965,197.5,4.3396636,0,0,32.6800000000005,2
917.070000000003,47.102000000003,162.2,4.5409881999999,184.1,6.48712599999994,0,0,69.8700000000006,2
920.100000000004,58.8200000000013,134.5,1.72244379999964,137.8,2.66195860000004,0,0,54.6700000000003,2
919.170000000001,79.9879999999998,167,5.07785380000005,183.7,6.64371179999999,0,0,22.24,2
924.460000000005,53.456000000001,179.3,3.89227559999968,201.6,5.21207020000002,0,0,25.2099999999999,2
921.310000000002,61.3400000000048,48.1,7.78455119999989,55.7999999999999,9.10434579999993,0,0,35.4200000000004,2
914.900000000006,75.0200000000051,167.2,4.1830777999998,180.7,5.39102540000004,0,20,38.7200000000003,2
914.460000000007,76.8740000000002,113.6,1.29742519999984,132,2.08035419999988,0,0,56.3900000000004,2
919.430000000008,60.5839999999992,77.6000000000001,2.14746239999974,96.0999999999999,3.75805919999992,0,0,21.4200000000007,2
923.800000000003,55.1300000000015,55.2,3.01986899999963,47.0999999999999,3.84753680000004,0,0,69.07,2
917.900000000009,51.3859999999995,219,5.56998059999976,240.8,6.97925279999989,0,0,69.06,2
915.220000000012,73.2920000000023,148.3,1.78955199999943,198.5,2.90802199999974,0,0,41.4000000000012,2
921.050000000006,61.4480000000005,189,8.79117419999968,197.3,10.289924,0,0,27.6299999999999,2
915.700000000006,72.5900000000047,186.2,3.40014879999982,196.8,4.11596960000007,0,0,32.7200000000002,2
919.110000000003,55.1660000000035,201.5,3.80279799999995,235.2,4.74231279999998,0,40,25.9800000000004,2
916.300000000011,68.7740000000026,67.6000000000001,4.11596959999946,78.9999999999999,5.18970079999974,0,0,42.5000000000012,2
921.550000000009,45.3379999999971,183.5,7.02399159999961,193.2,8.29904740000003,0.529999999999973,2940,91.1000000000002,2
916.200000000007,82.8140000000039,55,6.95688339999975,91.4999999999999,9.43988679999999,0,0,48.9200000000005,2
919.700000000006,72.0140000000042,178.8,5.30154779999979,196.2,6.77792819999995,0,0,36.7300000000004,2
922.310000000008,58.9459999999994,200.8,3.53436519999974,223,4.65283519999992,0.75,3910,47.96,2
917.900000000007,82.8859999999992,46.8,3.89227559999986,77.3999999999999,5.12259259999984,0,0,41.6699999999999,2
918.400000000004,51.6020000000047,209.6,2.57248099999991,228,3.22119359999998,0,0,87.9900000000004,2
919.880000000006,61.5020000000007,192.2,10.9162671999996,201.7,12.5716028,0,0,20.2200000000003,2
920.14000000001,64.057999999997,50.4,4.20544719999962,61.9999999999999,5.01074560000003,0,0,23.7800000000002,2
918.000000000012,66.7580000000026,171.6,5.70419699999943,180.3,6.75555879999976,0,0,54.2100000000011,2
920.350000000009,46.8679999999981,181.3,7.42664079999959,193.7,9.23856219999996,5.55999999999995,5820,91.2400000000005,2
916.300000000006,83.0119999999985,198,4.36203299999987,210.9,5.43576419999982,0,0,35.4199999999999,2
916.510000000002,75.4700000000013,137.7,1.0513618,180.5,1.61059679999996,0,0,26.9400000000001,2
917.400000000011,69.2779999999999,169.1,1.58822739999956,174.5,2.21457059999992,0,0,22.2400000000011,2
921.591558006557,58.7545485292858,90.5273039202614,2.77496975904531,57.1792156864879,3.41729136297248,0,0,23.8759738562165,2
915.470000000005,79.5380000000048,68,2.99749959999981,88.3999999999999,3.8475368000001,0,0,44.7899999999998,2
917.010000000006,41.000000000001,150.4,3.91464499999967,55.3999999999999,6.15158500000001,2.69000000000051,6440,65.3399999999999,2
914.800000000005,71.2940000000046,69.1,2.0803541999998,61.4999999999999,2.9080220000001,0,0,24.3799999999999,2
921.400000000004,63.0500000000014,223.2,1.31979459999964,185,1.87902960000004,0,0,40.7000000000001,2
915.900000000006,69.1340000000048,115.2,1.99087659999981,110.3,2.77380559999999,0,20,71.7300000000002,2
916.100000000006,69.5120000000035,189.6,7.47137959999977,197,8.56748019999994,0,0,30.2500000000004,2
917.700000000003,59.4320000000052,90.2,1.65533560000006,120.8,2.34878700000002,0,0,23.5700000000002,2
915.140000000008,59.8100000000003,168.8,6.44238719999968,176.5,7.51611839999993,0,0,41.0700000000004,2
918.260000000005,49.8920000000006,72.7,4.42914119999971,109.2,7.33716319999998,0.0200000000004366,167,35.18,2
916.630000000003,81.2660000000047,128.1,1.00662299999987,135.3,1.58822739999995,0,0,23.3300000000004,2
918.880000000004,60.4760000000042,42.5,9.59647259999971,31.7999999999999,14.4058935999999,0,0,89.9,2
919.120000000007,79.3400000000045,167.2,1.49874979999981,168.8,2.12509300000008,0,0,35.0899999999998,2
924.110000000004,55.1840000000031,212.3,3.6685815999999,226.6,4.67520459999994,0,0,48.6800000000004,2
917.94000000001,46.6159999999988,208.2,4.67520459999957,221.4,5.54761119999989,0,0,85.7500000000007,2
917.410000000006,79.9880000000041,166.9,4.87652919999977,176.9,5.88315219999993,0,0,26.1000000000004,2
921.400000000008,75.2359999999986,60.9,4.02649199999977,75.9999999999999,4.92126799999993,0,0,15.0600000000007,2
916.45000000001,46.0219999999988,194.8,5.14496199999959,207.8,6.17395439999993,0,0,78.010000000001,2
916.000000000012,61.0160000000024,180.6,5.90552159999948,194.8,6.93451399999978,0,0,50.7700000000011,2
917.300000000006,73.1839999999999,178.6,4.67520459999985,183.7,5.25680899999985,0,0,36.57,2
914.490000000014,77.7380000000024,44.8,9.50699499999936,54.2999999999999,10.8715283999998,0,0,23.110000000001,2
916.420000000011,46.5620000000002,168,7.02399159999956,182.9,9.46225619999989,0.572999999999979,1105,85.6300000000011,2
918.200000000007,89.2040000000046,225.5,1.18557819999981,265,1.76718260000002,0,0,26.5700000000003,2
916.690000000005,79.2140000000044,18.4,1.65533559999985,66.3999999999999,2.48300339999998,0,0,21.4700000000003,2
911.270000000013,59.8280000000022,218.3,2.25930939999935,235.9,2.97513019999979,0,0,86.7300000000011,2
916.400000000002,48.0380000000036,264.7,4.02649199999994,299.2,5.86078279999997,0,0,44.6200000000005,2
915.290000000003,50.6120000000043,153.8,4.45151059999998,185.3,7.20294680000004,0,0,62.4600000000002,2
918.600000000005,64.3820000000048,177.1,2.46063399999991,190.7,3.06460779999998,0,0,34.9800000000004,2
919.390000000001,67.0640000000023,170.8,5.45813360000003,190.5,6.86740579999997,0,0,20.1800000000002,2
913.930000000008,81.7519999999982,120.9,2.90802199999985,141.1,3.73568979999982,0,0,20.42,2
916.830000000002,64.9940000000033,189.4,9.0819763999999,195.5,10.4465098,0,0,24.8600000000006,2
917.100000000002,43.5920000000051,211,8.27667800000005,220.8,9.43988680000003,0,0,92.3400000000001,2
918.600000000006,40.2800000000007,163.8,3.15408539999962,198.2,4.51861880000002,0,0,39.7699999999998,2
921.300000000003,46.2380000000036,231.1,3.33304059999995,253,4.809421,0,0,73.9300000000004,2
915.070000000012,58.0460000000025,186.2,7.69507359999947,195.6,8.99249879999975,0,0,55.2000000000011,2
918.670000000007,71.9960000000041,177.2,2.72906679999976,197.3,3.5567346,0,0,32.5900000000004,2
913.770000000008,49.4239999999987,175.8,12.5716027999998,185.3,15.3677777999999,0,0,83.0600000000007,2
916.070000000006,77.6660000000034,198.1,2.32641759999977,216.7,3.06460779999992,0.390000000000555,900,28.4500000000005,2
919.730000000012,67.1180000000022,206.3,2.50537279999942,229.8,3.26593239999977,0,0,64.080000000001,2
917.810000000005,73.7600000000044,213.4,1.61059679999981,239.7,2.14746240000007,0,0,30.6699999999999,2
919.400000000007,77.7380000000004,200.2,0.98425359999984,254.4,1.70007439999987,0,0,13.3000000000004,2
915.010000000013,60.6020000000023,179.8,6.35290959999947,194.5,7.67270419999978,0,0,51.9600000000011,2
917.000000000001,77.8639999999997,234.7,1.16320880000003,250,1.61059679999997,0,0,30.8200000000001,2
911.680000000008,62.8699999999985,180.2,11.0057447999997,186.9,12.7729273999999,0,0,26.2600000000007,2
920.180000000009,53.2940000000004,60,5.23443959999968,41.1999999999999,6.35290959999991,0,0,80.1500000000004,2
919.700000000007,72.4280000000039,241.6,1.34216399999976,287.6,2.08035420000001,0,0,48.5900000000004,2
922.400000000009,47.6959999999971,170.7,2.52774219999961,172.1,3.51199580000002,0,0,88.2600000000001,2
915.390000000013,71.4200000000017,183,2.16983179999954,207.7,2.68432799999981,0,0,40.3400000000011,2
914.800000000005,67.6580000000051,193.3,1.61059679999982,221.2,2.23694000000007,0,0,30.2700000000002,2
924.290000000005,62.3300000000008,43.1000000000001,2.30404819999964,61.7999999999999,2.86328319999994,0,0,35.77,2
918.000000000007,82.3639999999996,109.4,1.81192139999985,162.4,2.63958919999986,0,0,26.92,2
914.970000000008,67.0460000000007,191.9,3.28830179999974,203.2,3.84753679999985,0,0,26.4700000000004,2
920.610000000009,65.0299999999984,191.2,2.55011159999961,194.7,3.75805919999995,0,0,20.0300000000006,2
915.600000000008,69.2060000000005,178.7,2.57248099999973,183,3.24356299999983,0,0,38.5700000000004,2
917.000000000007,44.6360000000014,174.2,10.0885993999996,186.7,12.7281886,0.759999999999877,1500,91.7999999999999,2
919.000000000002,63.4640000000015,96,0.782929000000023,105,1.23031699999992,0,0,28.43,2
921.860000000003,38.5880000000051,209.9,3.579104,172.2,4.33966360000005,18.08,15800,81.8200000000002,2
916.040000000008,51.8179999999981,177.8,4.09360019999978,189.8,4.76468219999984,0,0,77.49,2
913.640000000005,74.5160000000047,219.4,1.8566601999999,229.3,2.28167879999997,0,0,37.5300000000003,2
917.730000000006,76.1360000000044,85.9,4.29492479999979,42.7999999999999,5.95026040000008,0,0,38.5199999999998,2
917.35,77.7560000000001,40.5,2.05798480000002,96.7,3.86990619999997,0,0,26.3900000000001,2
920.020000000012,71.1140000000023,92.7,3.40014879999943,66.5999999999999,4.83179039999978,0,0,48.220000000001,2
916.860000000011,79.3220000000026,96.2,1.76718259999943,134.7,2.57248099999974,0,0,38.7700000000012,2
919.710000000007,43.6820000000008,210.3,5.01074559999966,225.4,6.57660359999999,0.00999999999999091,200,82.1500000000003,2
916.660000000001,56.336,179.8,3.579104,203.2,4.27255539999999,0,0,77.4799999999999,2
916.840000000003,55.2740000000046,51.7,4.94363739999994,71.8999999999999,6.24106260000006,0.0100000000002183,110,20.9200000000002,2
919.760000000009,64.8139999999967,214,4.29492479999964,232.1,6.12921560000004,0,0,31.4900000000004,2
919.4,79.1779999999995,150.1,2.41589520000002,180.7,3.57910399999997,0,0,35.4,2
919.970000000003,64.1840000000022,185.5,0.738190199999941,215.2,1.31979459999999,0.010000000000332,10,32.7000000000004,2
918.800000000003,49.8740000000044,52,3.86990619999998,61.1999999999999,4.56335760000001,0,0,40.2600000000002,2
915.200000000004,59.9720000000046,168,1.99087659999998,186.2,2.46063400000001,0,0,35.9200000000002,2
912.000000000008,56.1379999999982,137.3,3.08697719999974,166.4,3.84753679999975,0,0,75.5200000000005,2
917.600000000008,74.119999999998,179.1,2.14746239999973,190.7,3.4672569999999,0,0,11.69,2
913.410000000003,63.4820000000055,48.4,4.22781659999991,28.8999999999999,4.78705159999995,0,0,49.2000000000003,2
917.090000000005,55.2740000000036,198.3,6.01736859999975,207.4,6.95688339999991,0,0,78.2000000000001,2
915.930000000004,68.1980000000055,186.7,2.08035419999982,171.9,2.61721980000006,0,0,48.8400000000001,2
918.080000000006,73.7060000000044,169,2.8856525999998,192,3.8251674000001,0,0,31.4999999999998,2
917.000000000003,51.2960000000053,151.7,3.06460779999998,183.2,4.85415980000002,0,0,23.2900000000002,2
914.600000000007,62.3660000000045,200.4,1.5882273999998,235,2.1027236,0,0,86.6000000000002,2
918.000000000006,71.3120000000042,156.9,2.95276079999981,183.9,4.16070840000009,0,0,35.1699999999998,2
915.910000000004,63.9860000000046,17.4,3.82516739999992,37.7999999999999,5.01074559999999,0,0,40.9700000000004,2
917.010000000008,74.8399999999986,254.9,0.827667799999762,221,1.29742519999993,0,0,30.4500000000006,2
920.740000000004,59.0900000000021,180,8.99249879999963,194,10.7596814,0.0800000000001546,520,35.26,2
912.900000000013,78.332000000002,167,7.82928999999953,177.1,9.88727479999983,0,0,28.860000000001,2
914.560000000013,76.2260000000024,173.3,6.64371179999937,185.4,8.05298399999977,0,0,25.8400000000011,2
913.850000000006,79.7359999999994,191.7,3.10934659999983,207.8,3.98175319999985,0,0,21.4799999999999,2
915.600000000013,69.5840000000023,185.5,4.63046579999937,198.2,5.48050299999977,0,0,28.9700000000011,2
917.690000000009,64.9940000000003,178.3,2.97513019999972,193.9,3.7356897999998,0,0,54.8800000000005,2
918.260000000008,82.2200000000001,186.6,1.09610059999979,221.5,1.7224437999999,0,0,32.4600000000005,2
917.920000000006,84.650000000004,30,4.83179039999977,40.0999999999999,5.83841339999993,0,0,16.2200000000004,2
913.870000000012,66.9380000000025,171.9,6.50949539999945,182.3,7.47137959999975,0,0,57.4300000000012,2
920.130000000006,73.2920000000047,193.6,4.11596959999981,211.3,4.96600680000006,0,0,33.5200000000002,2
917.200000000006,65.2640000000041,137.6,1.76718259999975,176.7,2.55011159999991,0,0,58.3700000000001,2
916.130000000009,50.1079999999984,211.4,2.55011159999974,231.8,3.53436519999992,0,0,89.8000000000007,2
916.320000000004,48.3080000000021,46.9,4.85415979999967,61.6999999999999,5.86078279999993,0,0,91.03,2
921.260000000005,52.6460000000009,261.9,2.03561539999962,260.5,3.04223839999995,0,0,91.11,2
914.000000000008,66.6499999999985,173.8,8.36615559999977,181,9.43988679999991,0,0,30.9200000000006,2
912.900000000007,71.8700000000003,129.2,1.43164159999981,160,2.0579847999999,0,0,51.8400000000006,2
915.000000000008,55.0400000000005,191.8,5.36865599999975,220.9,7.0687303999999,0,0,73.5500000000005,2
912.600000000006,58.4060000000054,172.7,3.82516739999982,189.1,4.76468220000004,0,0,64.8400000000001,2
