Clump,UnifSize,UnifShape,MargAdh,SingEpiSize,BareNuc,BlandChrom,NormNucl,Mit,Class
917.34768811771,71.4038426310654,101.935179356184,2.44300921573402,140.471548471125,3.53332360161062,0,0,24.3286972918022,1
920.502751175919,70.1388948683005,198.832132717464,4.3373630561627,211.203341243256,5.19004536021938,0,0,12.1891018687644,1
915.59886751328,70.0433043168624,177.875407186599,3.74558653772448,186.606695875868,4.58963242869943,0,0,10.6574216578226,1
919.992262176274,62.9643831163325,54.7990936153581,12.6804357402035,74.2542234861017,15.4523058061834,0,0,18.8095178566365,1
921.125625973345,68.8187718944121,71.7990922763454,2.57653776671464,95.4723335617643,3.48744358739647,0,0,11.7422012298629,1
921.969951282133,60.9553415264257,164.621485996141,1.66444229894694,195.77996752142,2.36718113263113,0,0,12.1096289018911,1
924.200000000003,68.8820000000038,56.3,9.88727479999988,68.9999999999999,11.8781514000001,0,0,14.2300000000003,1
921.900000000009,65.8759999999985,199,4.49624939999966,207.2,5.32391720000002,0,0,10.3500000000001,1
922.360000000008,74.3359999999992,166.9,4.18307779999975,210,6.9121446,0,0,12.4799999999999,1
923.018549964785,70.3305324254479,152.563542146049,3.05969603860011,181.274779995297,4.26903762495611,0,0,22.8596841746828,1
917.800000000008,73.7779999999993,181.9,0.939514799999804,185.3,1.54348859999982,0,0,11.4799999999999,1
922.206232880569,57.0364825100091,48.3627014464782,12.3853293455625,64.9053283647887,15.7893310566905,0,0,14.9694298994375,1
917.268305604766,85.6616297571622,266.493461913668,2.15805805735826,194.702511379885,2.82914005735825,0.0311741019374562,70.5266503719893,31.2185662783487,1
918.884691221882,72.8998777781229,163.515192901471,1.02657754315161,196.157263072146,1.48219381775001,0,0,18.9187648875089,1
921.408129860134,47.9703946135899,46.3114285067358,10.9984531533027,67.2328572398962,14.3854127858013,0,0,22.147701376039,1
927.610000000002,54.8960000000035,55,4.98837619999992,53.3999999999999,7.20294680000006,0,0,13.5100000000004,1
919.560000000007,78.4760000000041,179.3,5.95026039999975,192.2,6.9792528,0,0,20.1900000000004,1
919.447816728083,61.5186601035227,53.1826479705229,14.4056268547679,72.1287417794153,17.6112667972,0,0,19.5391652808648,1
920.360000000003,74.1920000000011,56.1000000000001,4.71994339999964,72.6999999999999,5.56998059999999,0,0,14.7300000000001,1
923.620000000009,62.5999999999994,63.7,4.94363739999975,75.4999999999999,6.06210739999992,0,0,28.55,1
919.56133269064,69.1655206497228,137.144875638807,1.3828941853983,123.019030656538,2.0316067853985,0,0,15.9354466403358,1
917.397349400784,79.2446779074122,97.2677643833464,1.11030681606334,95.5933601026118,1.54267607496277,0,0,13.3681838470476,1
920.590000000009,75.0019999999995,89.7,1.16320879999981,91.0999999999999,1.78955199999983,0,0,13.9199999999999,1
923.324245412359,57.1864731630524,44.7041857746904,9.99480953274341,66.6391055037984,12.9218891326536,0,0,17.4453623844066,1
919.610000000002,70.2500000000037,119.4,3.40014879999987,162.6,5.07785380000009,0,0,19.6400000000004,1
923.18778266195,56.5327437544121,50.0936937817427,7.69557064919402,56.9979578933886,9.42723629339201,0,0,13.4969165167514,1
921.700000000003,53.5640000000033,48.2,5.25680899999996,64.3999999999999,6.80029759999998,0,0,19.8900000000004,1
926.177368159633,66.0685681125081,56.8207787652322,16.9966739830754,69.3013096344282,20.4969782925955,0,0,14.586780577993,1
918.320000000002,55.454000000005,47.9,6.46475660000007,63.5999999999999,7.85165940000003,0,0,24.2800000000003,1
921.507308049021,73.1911562166277,165.548739531225,3.39092492734568,206.179194536566,5.57799239342465,0,0,13.8079628744861,1
920.770000000004,70.7180000000022,181,4.40677179999969,188.2,5.07785379999991,0,0,13.16,1
925.960000000002,56.9660000000034,51.7,17.8731505999999,66.2999999999999,22.2799224000001,0,10,15.3600000000004,1
918.876744819335,77.0837052985861,183.377677205019,4.32486905886094,193.009675026549,5.06360032020859,0,0,10.0738220297929,1
922.187875173527,56.8639740570787,48.3815990860793,12.298367980222,64.9026287019886,15.6890839272008,0,0,14.9494523947162,1
922.698232022417,60.2747979524099,137.924941657862,3.30054566938877,147.139294048877,5.14677771895239,0,0,19.8183735049127,1
920.405794873886,49.6865027270193,46.5963782038222,10.2250214235884,66.4130786128047,13.1927702514643,0,0,23.0724345466988,1
924.390226490481,66.0990871543035,63.3111541948455,9.6501786146221,72.4516289182534,11.3160256843595,0,0,13.0935339735723,1
918.300000000003,64.0040000000046,71.7,6.62134239999994,82.4999999999999,8.03061460000004,0,0,8.73000000000034,1
923.885221311808,58.6071023050632,47.0187591291966,11.215701371321,66.5550073033572,14.4763457739796,0,0,17.3082965013882,1
921.126863363804,48.6142841615046,42.3551878002816,11.3135682005628,65.4671420758481,15.0339001958855,0,0,28.2433402379364,1
923.757467155188,70.9215008452819,195.458708709576,5.09049851588437,218.792178114992,6.46314964033471,0,0,17.415920606986,1
919.036412776374,74.2149877822087,108.755538297748,2.92441001270063,59.4756314899094,3.61835696629142,0,0,13.4160786372622,1
917.807539483777,79.4621999716894,126.24236151891,1.46576404160146,70.0017183329786,1.96225087040201,0,0,14.869578592174,1
920.480998146898,65.5192357016942,111.747920527307,3.77668494998372,52.2704786361387,4.58609913245166,0,0,22.8960397363468,1
915.610000000005,69.3140000000024,46.7,10.9162671999997,64.4999999999999,14.2045689999999,0,10,8.30000000000008,1
923.552178638784,71.0922902050113,197.67472301702,3.94286391572934,210.822423753478,5.16580706163705,0,0,13.3097852619881,1
921.445510111166,62.9320805390367,65.0469386325537,9.13401800687643,80.4816317953221,11.659020577022,0,0,16.5414304477327,1
920.850000000008,57.3980000000003,47.5,9.12671519999975,58.8999999999999,10.6030956,0,0,13.49,1
921.340000000009,62.4019999999985,59.1000000000001,11.8334125999996,86.2999999999999,16.5757253999999,0,0,20.6300000000006,1
916.581503907028,75.2246624270233,177.443701348345,6.69002581522457,185.46776356291,7.53528201017721,0,0,15.4887473192039,1
920.04214248788,65.2017896833632,122.961649263383,3.62674070647313,48.2514719368613,4.62861152480037,0,0,24.3668217033704,1
915.265390374798,80.3132874502265,147.997702495813,1.38172148796057,145.486318749322,1.83871630646552,0,0,19.2990518751733,1
916.650000000006,89.4020000000038,185.2,1.72244379999977,217.5,2.19220119999991,0,0,12.0500000000005,1
915.101901435936,73.2116702592406,210.438988251519,1.35957033794878,126.306814469571,1.98878506315629,0,0,22.7612052950925,1
923.780000000002,64.4540000000043,150.3,4.00412260000003,179.1,5.56998060000006,0,0,10.9700000000004,1
922.850000000008,63.0859999999989,47.7,15.4348859999998,64.9999999999999,19.3047922,0,0,15.67,1
920.631997681081,68.6195406743923,192.664515353402,3.95758809977012,221.738631737008,5.10617133743388,0,0,15.4556647627382,1
917.0108507616,85.7193599078613,116.25866993447,2.32702194248893,49.7297571471868,3.09794543997503,0,0,15.6687465670301,1
915.710000000006,86.3420000000048,234.3,1.7448131999998,125.5,2.5053728000001,0,0,8.67999999999988,1
920.902599263186,56.9947166813029,70.7435322062195,2.90172260837731,63.9995128269942,3.51152716586981,0,0,21.6783848801365,1
921.565442356086,64.3435908061662,65.2314497785837,11.0532606948277,81.5886986715019,14.2489663548485,0,0,14.1197216560896,1
916.867881511419,81.452149551592,91.3408064689799,1.87667852069334,122.717129056572,2.65107369489963,0,0,27.8860146239177,1
916.472388218546,75.9300744959892,177.855503260135,4.9001033253861,193.524122011543,5.90216862090893,0,0,19.7446135052085,1
920.33059589022,72.2424906483287,149.918829133908,2.81538737612784,179.096480430278,3.96359576428042,0,0,18.8347206454167,1
917.300000000004,73.6160000000023,147.7,2.41589519999969,175.2,3.46725699999992,0,0,12.9900000000001,1
913.970000000013,72.8240000000018,219.7,1.49874979999953,125.9,2.19220119999983,0,0,25.9200000000011,1
920.042264327172,69.2287265250372,47.2157986444117,21.1806440675302,64.2189409489117,26.4491047532517,0,34.2315972888234,14.7632026624179,1
919.490000000008,85.5499999999984,95.8,3.17645479999974,51.1999999999999,4.04886139999976,0,0,16.0800000000005,1
921.900000000004,78.2060000000023,50.7,5.36865599999967,74.4999999999999,7.44901019999994,0,0,13.49,1
926.762031681606,54.7048842977861,54.0243342529445,5.02689100710966,54.9782828261192,7.14517458933545,0,0,14.4254040391495,1
926.55000000001,62.7619999999987,67.8,14.8309121999997,88.7999999999999,18.790296,0,0,11.2200000000001,1
919.968818645262,66.6956672975167,64.4228939064612,9.36189096393845,74.978914785077,10.8475151016401,0,0,17.8273146395782,1
925.280000000006,66.4700000000005,49.4,11.2294387999996,77.8999999999999,15.3454083999999,0,0,13.9300000000003,1
917.600000000007,81.9139999999995,90.4,1.67770499999985,121.4,2.34878699999985,0,0,29.99,1
921.68481739933,61.0538886148834,55.9590570454367,10.9939139003681,75.8641260713441,13.9529152908841,0,0,17.7413045064967,1
919.013672319594,62.5974317162136,166.847158581052,3.64305020822309,190.070012229707,4.86982111571208,0,0,22.3701594784011,1
916.475202889779,78.656872958296,120.9,2.63903934713791,132.56254778707,3.39497843970822,0,0,17.6383136921253,1
918.026453370532,73.4418955237475,182.932945198882,1.36609383381889,185.856201260936,2.03227707625087,0,0,10.4192447380714,1
917.200000000012,74.1379999999997,176,3.06460779999956,191.4,3.71332039999993,0,0,13.3200000000011,1
918.637062305999,73.4299449134955,181.467475404199,1.02488523258775,186.394032801143,1.63455039476039,0,0,12.9607606750355,1
922.183846349229,54.7905884936959,48.073338652035,6.61114473472621,65.0839712790108,8.52863399787237,0,0,19.4061536507741,1
914.131735948655,82.5831521084255,120.810339578379,2.57708977715726,139.239546251363,3.39974345256872,0,0,19.9111771073006,1
920.000000000004,68.054000000002,197.1,4.67520459999964,209.6,6.15158499999999,0,0,14.5,1
917.396617230739,78.6974677767415,134.909706800004,2.63733855852646,40.8516929405395,3.77111584083228,0,0,22.8159046094217,1
924.080000000004,60.080000000005,54.2,18.9245124,72.0999999999999,23.5549782000001,0,10,13.1300000000002,1
916.737056519026,77.3766741097983,184.193505729432,3.33413799839243,201.332611747715,4.04837715687959,0,0,31.2160768295301,1
921.510533859309,60.5102153846154,45.9531176857407,20.7243810908015,58.418303747545,25.5275498361496,0.00999999999971702,54.0152531229542,11.4580170940161,1
922.808445487988,60.0641812921099,136.52777021673,3.37898095784047,148.027201031069,5.26836437943519,0,0,19.829257129467,1
922.990000000002,59.486000000004,137.5,3.37777939999993,147.2,5.2791784000001,0,0,19.8400000000004,1
926.770000000009,65.6959999999986,47.7,9.90964419999967,65.5999999999999,12.7281886,0,0,11.4000000000001,1
918.511139618964,77.6243996684321,127.561512312345,2.13071480864017,45.5852959492865,2.8581986122404,0,0,16.13129142141,1
921.238610542196,68.1948370310087,50.4466865758088,14.3084542707035,62.7110945201593,17.2362539334739,0,0,17.4187237865984,1
920.640000000002,53.8880000000039,42,14.7638039999999,64.8999999999999,19.4390086000001,0,10,19.1100000000004,1
923.833996226097,68.3998621887099,57.1257479247425,13.0978212402556,78.7034249062432,17.1683828151466,0,0,9.77760256562978,1
914.106588093524,73.7672458534618,219.063026679298,1.50315661783463,124.809921946015,2.21864210701036,0,0,25.0636977214494,1
920.535407098756,68.6893051794945,47.556514796693,13.0049285375638,65.8739408132282,16.7235315558342,0,0,10.2891035310573,1
923.15670332508,69.8422225707375,197.226282040249,5.67667569344104,215.193406650147,6.9816905181736,0,0,14.9115613741464,1
917.830000000005,73.0400000000041,145.4,2.81854439999981,38.2999999999999,4.16070840000008,0,0,25.3999999999999,1
920.957021189953,65.2369571120897,75.1213018360105,3.89111664645439,92.4847308117021,5.18746680903647,0,0,9.16114873687777,1
920.518968080461,68.6617068374788,55.4163053338457,15.9571619786025,74.7051171775555,20.6446668361677,0,0,14.4505722807081,1
922.717976713591,72.0557052872475,67.9193231388861,6.52273958506984,92.2171761234541,8.32862091704992,0,0.644104629533544,12.9978602814922,1
922.163428541292,60.7377665836249,62.9966711024896,5.58310956949533,75.0916154788648,6.74218097708247,0,0,26.8120969822808,1
920.400000000011,81.9140000000006,56.3,9.6859501999995,74.0999999999999,12.2584311999999,0.00999999999999091,90,8.00000000000119,1
919.637239967058,76.1032797491485,175.367867874901,3.41110914617073,43.4394316388074,4.85849741040216,0,0,26.6188150514253,1
922.23996673969,74.3301924190399,144.725873083407,1.1630971979884,95.824875273799,1.83357067210053,0,0,14.7392005252745,1
915.374595121703,72.9948172460428,214.893054309403,2.20083932908967,231.104426065142,2.8906363496581,0.00653460429311927,49.0095321984391,27.030811478467,1
920.969243150126,69.0119310284792,197.202837469509,4.46816747586053,210.037059245413,5.89278859482604,0,0,14.2943250609821,1
915.550000000014,73.7600000000022,182.4,9.37277859999938,193.4,10.9386365999998,0,0,31.7000000000009,1
920.800000000006,65.0840000000004,75.5,4.09360019999968,92.2999999999999,5.45813360000008,0,0,8.79999999999991,1
919.190000000008,73.9039999999978,68.8,3.19882419999974,103.8,4.4515105999999,0,0,11.4899999999999,1
922.980000000006,63.3740000000006,125.3,3.64621219999966,98.5999999999999,5.41339480000011,0,0,15.84,1
921.139955596708,61.7137564290409,110.375092506869,4.0255922249594,53.6288558353087,4.83177384541471,0,0,23.5824537465657,1
921.360000000002,47.0480000000035,46,11.9452596,67.6999999999999,15.6362106,0,0,22.5200000000004,1
919.500000000012,79.8619999999998,97.7,1.47638039999956,144.4,2.23693999999993,0,0,8.48000000000114,1
923.720000000004,58.2080000000048,191.2,4.83179039999998,99.4999999999999,7.49374900000003,0,0,20.9400000000002,1
922.573065432607,58.733243092919,55.1484203571025,18.4059089828936,75.2614011903416,23.6374832890852,0,10,10.7536801052601,1
922.639489086677,72.4800316259792,68.5161726060634,5.10628710082421,75.8432037864383,5.95270085656307,0,0,10.8181349664249,1
918.090000000012,68.8640000000008,54.8,16.5086171999995,73.3999999999999,21.2285606,0,0,16.4300000000012,1
923.270000000003,63.5540000000049,78.9,10.5583568,80.1999999999999,15.099345,0,0,18.6700000000002,1
922.141662165278,66.7704276607664,149.642642226808,3.60257120500528,178.113963340212,5.0383491756409,0,0,11.4807164237878,1
920.860000000008,66.937999999999,75.4,2.68432799999975,88.9999999999999,3.44488759999991,0,0,17.45,1
921.409125013378,60.8492106695876,43.4613574714035,21.314179400733,54.9414290298652,25.6053254374593,0.00999999999991465,51.1178575248877,11.8346785217647,1
921.480230558685,59.6836886299451,47.1296834644832,16.5772720619514,60.8017298336404,20.1119595311782,0.0026512960881195,42.6512960881219,17.0946979226671,1
918.865498721684,69.1690787523732,45.3671147250267,3.80870667071085,82.2479777508716,5.4499331698308,0,0,14.7548248381839,1
915.808537206645,73.217521876563,215.629367721963,2.17923816285895,232.546876111059,2.86768511053797,0.00894874662937909,67.1155997204042,28.5088701238434,1
922.962035579312,62.1313874927262,195.126693769585,4.37047652459405,204.888510797978,5.24006861639621,0,0,17.92168895365,1
921.220000000002,57.5240000000041,56,17.9402587999999,78.0999999999999,23.7115640000001,0,10,8.62000000000035,1
917.61000000001,73.0219999999982,42.3,4.33966359999955,64.1999999999999,5.59234999999994,0,0,6.09000000000101,1
925.758649176768,72.5540649916948,52.8479063536823,12.348321769254,69.3066187168141,15.1595037170902,0,0,15.4310852583626,1
917.461900406092,55.5116242360344,61.0265802068871,7.93305631919895,73.8091251692036,9.2393581175989,0,0,20.6142109360129,1
918.355310727325,64.1736853562958,53.7577078569541,14.5585977567743,72.168200194582,17.2649341230092,0,0,19.5094995135449,1
923.480000000008,64.4719999999995,52.4,9.48462559999977,67.7999999999999,12.079476,0.0499999999999545,100,12,1
922.47323296309,66.6397842137737,71.4856545181409,1.99181214590378,94.1929318523238,2.63192688468425,0,0,12.6899247223109,1
923.634016989317,62.5605117305458,62.9307001548906,13.1532427358622,87.4007759065776,17.5508237839581,0,0,16.4866794876418,1
917.848286537763,72.3595339314334,174.71543223075,2.91690447624634,191.976254700224,3.57904465113334,0,0,13.0342737111399,1
922.883180104247,69.7777170642021,194.01658573895,3.28598689755169,219.82870400013,4.35620590719768,0,0,19.281667200234,1
924.31828030333,71.8733558354326,196.907264536946,5.92507238342174,216.190067570195,7.46531091676684,0,0,15.2633397838051,1
921.168738635906,63.9841053260603,75.0259074681293,4.71812661174279,91.2464610402871,5.96482483971621,0,0,10.4645915563463,1
921.09000000001,72.409999999997,180.2,1.27505579999964,189.6,1.90139900000002,0,0,17.3000000000003,1
918.269919389887,53.559018294594,89.810693132712,5.08593136889358,97.3363786045272,7.97481745186301,0,0,18.6559053488685,1
921.880000000002,47.5700000000036,45.6,13.2203153999999,67.3999999999999,17.4033932,0,0,31.9900000000004,1
921.433165783975,64.6347758087467,72.4034958010339,5.02405164664923,92.623515364071,6.93651756523201,0,13.8649441744752,9.22056997329239,1
921.763401667462,66.0224665654725,73.1765018608455,2.85126473442591,93.4334137264168,3.79746068173309,0,0,11.015823835145,1
922.18000000001,75.2179999999984,146.3,0.961884199999566,95.5999999999999,1.54348859999996,0,0,14.650000000001,1
919.407404511001,64.496477349154,54.7105280158114,8.38148586110755,68.6270341882864,10.3207999317419,0,0,16.7193789177156,1
919.561376073297,61.8557197995937,55.9887824952466,6.97129233650664,69.149956475328,8.51419255921169,0,0,17.416608633771,1
922.2212035849,69.736578335042,53.3777060147855,16.9082036845033,72.3875202491148,21.4434278803133,0,0,9.87010098248178,1
922.69000000001,69.1699999999987,55.2,9.64121139999967,83.0999999999999,13.1308378,0,0,7.4900000000001,1
920.567764807645,59.8870501857394,55.7499417792872,17.6419306740045,77.1206053022081,23.1941511564769,0,7.91618149405993,10.2474622531397,1
918.846598183232,74.938012503522,185.395861246661,3.06333563712281,189.244245940516,3.83191118855142,0,0,8.69174631544128,1
919.762753114936,77.6721435325803,179.419266538193,5.33070988001371,191.855452222997,6.30634386202474,0,0,19.8070218940241,1
920.277416872081,74.3617174481613,199.548982101717,4.59909143087035,211.76567775039,5.58247313852244,0,0,10.9338741626818,1
916.510000000007,82.2200000000002,154.2,2.21457059999981,81.5999999999999,3.08697719999988,0,0,26.7400000000004,1
920.020000000009,74.5519999999968,199.7,4.65283519999964,211.8,5.61471940000003,0,0,10.7300000000003,1
917.318987129667,74.0666077222066,177.170040108276,2.64317660613254,190.190297515173,3.28301697047247,0,0,12.9551061357251,1
921.459843557742,77.0532952188329,51.7823519072013,5.99008611065874,74.5180391984533,8.11886343616485,0,0,12.9325887677914,1
920.59812156305,53.1549276302824,44.8254972868272,5.34924034815331,73.4216297025641,7.24704911607537,0,0,19.31840056083,1
920.920000000006,74.2100000000006,60.9,8.45563319999966,76.2999999999999,10.6702038,0,0,15.7400000000003,1
918.944562105414,62.3535133132245,165.627566566105,3.51270506493154,189.121440662526,4.6576313475631,0,0,23.2970494097609,1
925.300000000001,70.4660000000042,64.6,6.73318939999989,72.2999999999999,7.94113700000009,0,0,13.2300000000003,1
922.412658689933,64.0185369309522,127.981695263461,3.25091611913167,102.552787816084,4.84472324506715,0,0,15.9826103839528,1
920.70121139682,73.8531314783589,61.1917181375817,8.23690610612293,76.4566634442567,10.3825957981068,0,0,15.9026058507634,1
921.170000000009,70.3219999999982,52.1000000000001,17.6941953999997,70.4999999999999,22.1904447999999,0,0,9.42000000000069,1
920.935243296655,64.8842062953205,47.927046249409,15.0116453023722,64.3188612517729,18.627607083796,0,0,9.89545705669774,1
923.8916608008,56.9868798753694,51.3833833371147,13.3398707568584,67.7590756980681,17.4962426011066,0,0,17.6088296214509,1
918.273968886736,55.5835867900711,47.8521276422035,6.50347288327946,63.6313011570207,7.91220507704334,0,0,24.3838461915282,1
922.352876019983,69.3988107060574,69.9542525741189,6.14778505943799,91.6174507625632,7.73843862236165,0,0,12.7296686033922,1
916.824510518959,86.6766043902803,118.66643711466,2.35980647728233,45.9192038707117,3.17288151950273,0,0,18.1581684602877,1
919.370000000006,65.1380000000007,54.4,8.72406599999965,68.4999999999999,10.7596814,0,0,16.5500000000003,1
924.571260179009,60.4212402562396,161.768827313603,1.9954691615036,167.097738857857,2.98458508510383,0,0,10.0187096724376,1
917.485232357237,83.6369741968743,199.353185422714,1.67092984735499,94.1648224146423,2.68824759764909,0,0,18.9914803284324,1
915.576939290285,73.7534353715065,182.389302086896,9.33340190233756,193.381521786456,10.8946913352059,0,0,31.6299772960463,1
922.730000000009,72.2299999999993,67.9,6.53186479999977,92.1999999999999,8.32141679999998,0,0,13.07,1
919.3224913343,72.2093725646678,181.438638989608,2.7169116808986,186.786607700152,3.3552867108516,0,0,12.3412072193985,1
919.871551377127,65.6674819362744,81.6629779277397,3.8429418028055,91.1394392213996,5.03738557613846,0,0,13.538289523665,1
921.720000000002,59.8100000000042,51.1,19.5061168,65.5999999999999,25.3668996,0.00999999999930878,60,10.6800000000004,1
919.90757872772,63.8584445820022,74.0288866880404,7.89479523705318,81.7560500857648,10.3170412847092,0,0,11.9451574554338,1
917.650000000007,82.4360000000042,108,2.21457059999976,62.7999999999999,2.84091379999999,0,0,7.1300000000004,1
916.760000000007,87.0079999999995,119.5,2.37115639999983,44.5999999999999,3.19882419999986,0,0,19.0199999999999,1
921.269442626127,54.1581691759519,50.7355045350488,4.92506387367236,65.8112713921497,6.25987408775675,0,0,19.6651533714204,1
920.192029384943,67.3250128053338,152.757704923408,1.22471669312071,136.36590783204,2.06635343280232,0,0,14.0097534782847,1
916.230300451527,62.7208028400242,46.6515779579506,9.51409196628409,66.3941345373884,12.0901722505666,0,0,28.2723621084033,1
921.559753985231,70.9458668828601,166.212920088324,3.97513662138001,210.303123490445,6.39681211385535,0,0,15.4526310296335,1
920.736640702005,69.5320769560828,183.126655247533,4.01966629439024,189.555221481271,4.80268241649442,0,0,14.5923648578976,1
921.414277433471,62.5644959477011,64.9988883591766,8.63421006671948,80.193330155059,10.9845485717564,0,0,17.1720902858083,1
920.217105596039,56.6458378227392,73.9205545078888,3.99282572808905,63.7761868916227,4.79859578827469,0,0,22.9147242851995,1
919.288658531022,77.3495142851968,165.874922403792,1.42064165489341,198.5485033386,1.96947686691322,0,0,19.447430163413,1
921.620473116103,75.3656238416098,178.061091391296,1.88643668495843,203.356990732857,2.42544026607054,0,0,13.1718129770624,1
920.100000000005,52.970000000001,43.3,5.39102539999971,77.4999999999999,7.44901019999998,0,0,19.06,1
921.038077493461,51.3550080272172,46.527495161529,16.5418934695791,59.7337274956407,21.0310174686221,0,19.0264762805541,11.5954990323058,1
916.258308673554,74.5930133926265,181.852429703746,8.76824011460949,193.188037304676,10.2392685482742,0,0,29.6669244806833,1
920.667617655367,68.3953422564775,196.16481573568,4.14640585269757,212.353598111609,5.48913382206115,0,0,15.9157650668179,1
918.174955641638,73.221486889789,183.610323979368,1.64583334567515,186.220943681198,2.35281193358618,0,0,9.72362883657184,1
917.447472909962,75.7003020353096,147.950180600294,2.64351686956279,50.8480477264462,3.84954834588976,0,0,25.7883229550448,1
920.710000000009,50.4140000000004,45.7,16.2849231999998,58.3999999999999,20.7588032,0,20,11.43,1
923.770000000002,71.7800000000041,197.5,3.8699061999999,211.3,5.14496200000007,0,0,13.7000000000003,1
918.125062235076,68.2441497729443,54.6622555050986,16.2509116756442,73.23721105148,20.7047461102776,0,0,16.8369723713009,1
916.029175219532,87.1361830462385,211.488359310312,1.57681889045448,110.292239540208,2.58936995477277,0,0,12.6227527117979,1
923.860558987049,58.2730147393415,53.2821492399512,14.09544370991,69.9271760477462,18.3914609940243,0,0,19.312291331157,1
918.700000000004,69.4220000000046,161.1,0.782928999999939,193.6,1.18557820000005,0,0,18.1800000000004,1
920.791124402495,59.0778176599844,55.8355748507957,17.7440938969273,77.4560014989496,23.3713404962335,0,8.62979042329732,9.69013367940525,1
920.280000000009,74.0299999999969,120.9,2.23693999999965,119.8,2.88565260000003,0,0,13.4800000000003,1
915.104852840165,80.6610318250029,214.407657428119,1.53536419008033,116.843001371833,2.41188754048387,0,0,18.8053456559464,1
919.235152568006,65.9511124417707,194.3433328628,2.94201868627103,216.569792401875,3.65881037488633,0,0,14.0735035540757,1
921.727033512247,61.2496174315076,56.5014511411809,10.2417652959665,76.7739116441143,13.1227900396095,0,0,17.9185520773563,1
914.621061536156,74.4035419684017,176.989385513988,4.27043096028907,194.318063278845,5.25635081055292,0,0,19.4775605334794,1
923.394623971262,62.2310392166469,44.9311662810435,15.0051754697974,63.5209747700081,19.2648777006653,0,0,10.9409164022591,1
920.698901483526,50.9648035179857,45.1133641288016,16.0437493926785,59.4305765304837,20.5495494554124,0,18.4144976454095,12.6476658083255,1
925.278535468258,58.0947662509894,52.6062028347667,18.2542494174101,68.4023905766587,22.7421060721784,0,10,14.5516670713884,1
918.845566333226,80.229373262683,189.159276449182,1.91589890582883,77.4913210998743,2.96930905822468,0,0,24.9724584034218,1
920.423862879329,70.8600579930892,198.973954374256,4.38891561841625,211.300843632301,5.2594430401761,0,0,11.9506642082824,1
922.170000000009,64.1119999999989,68.8,6.10684619999976,92.9999999999999,8.6569577999999,0,30,9.71000000000005,1
920.300167510041,66.9531102055907,49.2385687061412,21.4181968687793,62.8030019057011,25.8156306165877,0,38.2771374122823,13.0286773344843,1
920.63235438202,78.0231202575935,55.384664555713,11.4145553072657,72.6037786006846,14.5658630743916,0.00999999999987083,84.7192185906517,8.47174980590283,1
920.971398046767,68.2538228810711,192.154375460234,2.24827862346163,221.680186993743,3.12588054543838,0,0,18.6420529473474,1
918.894229797665,64.734424495423,171.527752701159,2.88200231288165,191.258973063543,3.68861516619534,0,0,10.8627964541186,1
919.00959051221,62.5830253372127,166.775126686047,3.63535172581186,190.013987422481,4.85728870248451,0,0,22.4249037186046,1
924.670000000009,59.917999999999,163.2,1.74481319999976,165.6,2.66195859999989,0,0,9.90000000000005,1
917.735011374547,81.7833354681888,123.988543412209,2.23728170265974,45.148599750381,3.0091683787681,0,0,17.4116052772917,1
920.823910238641,66.57096157046,198.00539586663,4.12836921792714,210.595935453293,4.95664842435977,0,0,13.52217246404,1
922.57206484933,60.671663851368,139.877384733899,3.05259823271448,145.640314473939,4.79479395289783,0,0,18.9390166135865,1
919.287985441125,76.7082336742916,166.797412428315,1.30294741387335,199.306112153351,1.81413028554952,0,0,19.3519287862349,1
920.715531913315,62.8157915071643,116.131280879312,3.87276050376818,51.2807596100225,4.7710440390238,0,0,24.0523160404881,1
920.091802981898,75.6640484818438,90.8809114503358,1.15495371231321,91.8011661736368,1.75102825746233,0,0,13.8338918734129,1
922.302774167898,69.0281820407631,197.807809615127,3.97318894606927,210.992190384873,4.98429995055862,0,0,13.5563555129408,1
921.500000000007,62.9960000000006,74.6000000000001,5.27917839999965,90.2999999999999,6.42001780000009,0,0,11.9599999999999,1
926.520000000003,65.5160000000033,56.9,17.4928707999999,67.3999999999999,20.7140644,0,0,15.4800000000006,1
916.100000000002,82.4540000000012,180.7,3.55673460000002,210.8,5.30154779999993,0,0,19.3400000000001,1
920.80272584854,72.8910007040063,99.3992076285174,2.01485901427553,147.090412078486,2.99714510250714,0,0,6.92947303897827,1
919.460000000001,71.8160000000023,56.7,8.81354360000003,74.6,11.1623306,0,0,10.4000000000003,1
915.644139092303,82.3349195090728,117.954761843959,1.5636111870377,135.193535219588,2.39907406407494,0,0,19.833902594626,1
922.69285760378,62.7270702776561,60.4055853941207,7.65979056369521,76.3471351843689,9.66258950071237,0,0,25.0485079046084,1
924.790000000009,68.3059999999985,56.5,14.9874979999997,76.9999999999999,19.6179638,0,0,10.9700000000001,1
918.700000000002,74.4440000000021,181,0.917145400000028,127.6,1.34216399999997,0,0,12.7200000000003,1
916.540000000008,80.3839999999984,99.3,1.09610059999986,96.7999999999999,1.47638039999981,0,0,13.22,1
919.840000000007,65.677999999998,64.9,9.48462559999975,74.7999999999999,10.8715283999999,0,0,18.11,1
923.734615141283,59.0893501351963,53.3288512465477,18.6539859480934,70.6959131856121,23.2684035687431,0,11.0248808864145,12.9557702493097,1
923.14046962414,58.2345193409911,47.6659760597201,10.3519342071997,65.705018448523,13.109225387454,0,0,17.216162540716,1
917.590000000001,82.6699999999999,170.9,3.60147340000003,183.4,4.71994339999998,0,0,13.88,1
921.569845904315,61.7912793255886,62.2061135669218,8.47833605979143,78.7949304912639,10.7809055382889,0,0,18.2315755685667,1
916.218401226377,79.5179100315049,96.7441945319523,2.20095178058504,136.275653521594,3.23471042572408,0,0,13.370537978178,1
923.100000000003,75.5960000000034,178.3,1.4092721999999,205.2,1.85666019999998,0,0,11.8800000000006,1
922.858110117249,64.9893607901515,63.4830468933119,10.2611871752062,73.1705039273086,11.9492056880415,0,0,14.5251086400794,1
924.017856259531,68.3703068965938,56.3040829315205,15.1627998908655,76.585116796161,19.8035775667991,0,0,11.5992395258226,1
916.260000000013,79.7720000000021,185.7,3.51199579999936,201.5,4.1607083999998,0,0,27.6800000000011,1
916.840000000003,55.2740000000046,51.7,4.94363739999994,71.8999999999999,6.24106260000006,0.0100000000002183,110,20.9200000000002,1
916.000000000007,81.5180000000042,98.4,1.70007439999977,99.5999999999999,2.50537279999999,0,0,21.3600000000004,1
917.210000000008,75.4160000000002,173.5,2.30404819999983,194.5,3.15408539999988,0,0,48.5700000000004,1
916.310000000006,79.5019999999996,175.7,6.71081999999984,187,8.14246159999985,0,0,24.1599999999999,1
914.060000000008,68.6300000000004,180,3.98175319999985,200.2,5.07785379999989,0,0,59.2100000000005,1
916.270000000011,71.7260000000006,189.5,12.2136923999995,194.9,13.4440093999999,0,0,16.0900000000012,1
916.040000000012,88.8440000000022,176,1.40927219999942,112.8,2.19220119999977,0,0,7.37000000000095,1
914.560000000013,76.2260000000024,173.3,6.64371179999937,185.4,8.05298399999977,0,0,25.8400000000011,1
918.490000000011,69.5120000000025,149.5,1.92376839999944,155.5,2.70669739999977,0,0,52.400000000001,1
916.450000000005,62.6540000000006,193.7,3.53436519999967,208.8,4.42914119999994,0,0,47.43,1
918.370000000008,65.3179999999989,188.3,6.21869319999974,209.7,7.56085719999992,0,0,20.46,1
920.14000000001,64.057999999997,50.4,4.20544719999962,61.9999999999999,5.01074560000003,0,0,23.7800000000002,1
917.380000000011,73.6160000000025,171.1,5.79367459999944,179.5,7.02399159999975,0,0,38.2300000000012,1
915.140000000008,59.8100000000003,168.8,6.44238719999968,176.5,7.51611839999993,0,0,41.0700000000004,1
915.070000000012,58.0460000000025,186.2,7.69507359999947,195.6,8.99249879999975,0,0,55.2000000000011,1
919.350000000006,91.1120000000045,96.4,2.52774219999982,96.2999999999999,3.37777940000003,0,0,25.6200000000002,1
917.700000000008,65.371999999998,85.9,3.06460779999976,90.5999999999999,4.54098819999985,0,0,22.93,1
918.100000000007,73.4540000000004,198.9,1.45401099999984,175.3,2.23693999999984,0,0,19.2500000000001,1
917.090000000009,63.2660000000003,175.5,6.73318939999972,186.3,7.9635063999998,0,0,62.8200000000006,1
913.520000000013,62.5100000000022,182.9,8.3214167999995,189.1,9.30567039999979,0,0,40.250000000001,1
915.310000000011,78.8720000000023,212.4,1.65533559999947,189.8,2.08035419999975,0,0,26.9500000000013,1
916.100000000006,56.4260000000013,184.1,10.2451851999997,194.8,12.079476,0,0,22.6400000000003,1
924.16000000001,61.8799999999982,111.8,3.44488759999963,119,4.80942100000004,0,0,15.2100000000001,1
916.230000000008,65.8220000000004,165.5,7.33716319999985,183,9.90964419999985,0,0,40.5100000000002,1
916.180000000012,49.568000000001,181.6,7.2476855999995,191,8.92539059999983,0,0,83.6200000000012,1
914.360000000012,59.9180000000024,175.3,4.87652919999945,187.8,5.86078279999976,0,0,74.2500000000012,1
917.900000000011,76.8020000000023,154.1,2.55011159999944,199.4,3.40014879999976,0,0,30.3100000000012,1
919.200000000012,70.2499999999989,156.7,2.01324599999955,172.3,2.61721979999992,0,0,42.0600000000011,1
921.160000000003,57.2000000000038,188.6,3.08697719999998,199.5,4.63046579999997,0,0,28.4300000000003,1
917.600000000008,74.119999999998,179.1,2.14746239999973,190.7,3.4672569999999,0,0,11.69,1
919.170000000001,79.9879999999998,167,5.07785380000005,183.7,6.64371179999999,0,0,22.24,1
915.300000000001,69.5300000000015,74.5,1.29742520000002,95.3,1.67770499999993,0,0,23.64,1
918.000000000006,75.7400000000046,181.7,4.94363739999981,193.4,6.15158500000009,0,0,28.3799999999998,1
921.186223459361,71.2038227788007,214.248938374188,1.69079339655372,173.388878407993,2.67368146708012,0,0,17.1031506826432,1
918.600000000005,64.3820000000048,177.1,2.46063399999991,190.7,3.06460779999998,0,0,34.9800000000004,1
917.120000000012,57.3980000000001,136.7,1.49874979999956,100.2,2.1250929999999,0,0,51.0300000000011,1
916.030000000003,62.5100000000046,186.5,6.21869319999987,191.8,6.82266699999996,0,0,31.8500000000004,1
918.670000000007,71.9960000000041,177.2,2.72906679999976,197.3,3.5567346,0,0,32.5900000000004,1
915.200000000004,59.9720000000046,168,1.99087659999998,186.2,2.46063400000001,0,0,35.9200000000002,1
915.930000000004,68.1980000000055,186.7,2.08035419999982,171.9,2.61721980000006,0,0,48.8400000000001,1
914.900000000011,53.942000000001,164.5,4.0041225999995,185.2,4.98837619999984,0,0,75.7700000000012,1
916.620000000006,46.9220000000011,186.6,8.36615559999967,192.5,9.5741032,0,0,70.6100000000003,1
915.500000000013,70.0880000000016,178.9,5.95026039999953,190.6,7.13583859999982,0,0,35.5900000000012,1
923.630000000002,53.7440000000013,54.4,2.84091379999999,87.6999999999999,4.04886139999997,0,0,33.7200000000003,1
918.030000000003,50.6660000000051,128.9,2.5277421999999,117.4,4.00412259999995,0,0,76.8800000000003,1
920.510000000009,47.983999999997,133.4,2.01324599999962,151,3.31067120000003,0,0,90.3900000000001,1
917.300000000006,73.1839999999999,178.6,4.67520459999985,183.7,5.25680899999985,0,0,36.57,1
921.390000000004,46.6700000000007,46,1.70007439999969,72.6999999999999,2.21457059999997,0,0,38.09,1
925.305089731804,57.0931296402991,52.6631033355909,15.4027669160742,68.3546204492603,19.9531656744422,0,3.57931109606118,17.8512272947284,2
923.038403339723,60.636998458547,51.0001209591126,17.0708015032212,63.7022982231381,22.1049176428471,1.20959112527731e-05,20.0483836450144,8.90215307220319,2
922.120000000008,55.5799999999995,51.9,14.2940465999998,72.1999999999999,19.0139899999999,0,0,19.1900000000007,2
918.370000000007,72.9319999999987,184.5,2.0132459999998,186.7,2.77380559999986,0,0,8.8100000000001,2
920.844324383308,69.7458300361858,48.757448612155,12.9009577295421,65.0138900313287,16.3042136462102,0,0,14.157681525532,2
921.090000000004,68.6660000000049,50.7,14.204569,62.4999999999999,17.0454828000001,0,0,17.5800000000002,2
920.563080074709,73.2546960324705,68.4509118454152,4.49162974690025,99.3006415631282,5.95255328197166,0,0,12.1028436491601,2
919.337554578193,85.2920026937324,96.8107794272484,3.09676195075751,52.1610689636131,3.94878200792813,0,0,15.3384855841093,2
922.174130567082,62.2675835594038,47.9662515947884,16.5527604427446,63.6687420260579,20.4089222848421,0,0,15.094486937419,2
918.300061513806,55.4218015527397,89.9669856271028,4.85368583522619,96.1976761453944,7.46287837227361,0,0,18.9405809636517,2
920.670000000003,66.0560000000036,137.5,1.83429079999989,46.7999999999999,2.43826460000007,0,0,12.5700000000004,2
922.702458837994,56.9941083408854,46.272825704583,6.00459850164205,58.3015636453711,7.92499948800891,0,0,14.4126050127454,2
923.621725959459,71.6334564787671,197.484268006308,3.90157857337147,211.233139026811,5.18455246671454,0,0,13.7314639873835,2
917.828772785767,80.8358371622309,117.273390029665,2.77486277246525,46.8031719706472,3.59728763256318,0,0,20.1333049851675,2
920.970000000008,59.7199999999988,55.5,12.0794759999997,73.6999999999999,14.9651285999999,0,0,17.8200000000001,2
920.9004345098,64.1480022588899,127.750847662468,2.63524903702595,49.3525053392811,3.3105953531968,0,0,16.5405638611044,2
921.391319227806,68.22350764874,199.189402415182,4.53861758386139,208.444644442625,5.40260097002896,0,0,10.4528184539561,2
920.003890159199,69.317912722222,197.605720695256,4.67085357364562,210.027917511371,6.04716036750342,0,0,13.7667049918787,2
920.737447661805,70.9203551712725,41.535512793783,5.54451524416621,64.3737470923219,7.38019437521481,0,0,10.1000828907937,2
922.872788846704,62.7794083305883,45.4520186652529,14.9831921578666,63.6192488047646,19.1197878419219,0,0,10.448563488129,2
920.530000000006,81.9500000000042,59.3,10.1557075999998,79.2999999999999,12.7058192,0,0,19.8000000000004,2
921.350000000006,61.8080000000006,64.9,7.60559599999963,79.5999999999999,9.59647260000012,0,0,18.47,2
921.390000000011,76.0820000000022,225.1,1.9013989999994,251.1,2.57248099999979,0.0399999999999636,300,47.5200000000009,2
921.643674622315,68.8943846123379,194.79757640455,3.37330211993829,216.37935836438,4.52063024475833,0,0,17.9856134986671,2
920.810000000002,59.0720000000021,181.6,9.01486819999964,186.3,9.9096442,0,0,20.05,2
923.281852304832,48.7421985311827,46.5709468030777,14.1572401339683,67.5341049373667,18.2085504717643,0,17.7473674628436,17.2506318089179,2
923.054433023642,65.1635702241293,151.842543965489,3.54404549357856,181.171008101814,4.94376453848197,0,0,11.9997909251093,2
921.320000000005,60.6740000000006,110,4.09360019999968,53.9999999999999,4.89889859999992,0,0,23.7700000000001,2
917.785739233637,69.0567228059534,48.2881308274694,12.2218305646506,63.7059345862652,15.3325046959908,0,6.02967293132648,11.9844635197291,2
919.517596583516,75.6289488166039,120.844043785946,2.12428637587935,121.61857695677,2.79490384723641,0,0,14.1332887990863,2
921.874478403971,68.0938479498513,70.9086537312092,2.14658555040553,96.0953036744281,2.89129467129145,0,0,12.4794452123367,2
920.650000000004,51.8180000000051,34.9,10.0214912,60.8999999999999,13.8019198000001,0,0,39.9500000000002,2
919.773405629666,68.7237999490528,55.2271327717035,16.1264290470658,74.3045164577248,20.8238907910113,0,0,15.0581500391181,2
922.180000000003,70.1060000000043,62.1,3.62384279999998,72.8999999999999,4.04886140000004,0,0,16.1200000000004,2
923.953386852447,60.1479328234054,53.8104210844377,18.6984762539739,71.077355346649,23.3779619410639,0,11.2174341111321,12.6150253709913,2
920.759139874448,66.6875482260059,197.934219642243,4.17135779263973,210.517641606467,5.05058642095396,0,0,13.5990427863778,2
916.500000000007,85.5859999999996,121.1,1.29742519999983,80.5999999999999,1.74481319999987,0,0,15.9199999999999,2
921.411886397117,62.0270778457753,63.2084384789555,8.24701686148149,79.125537622146,10.4455476972134,0,0,19.0146002945802,2
920.527758707527,60.4333692233317,55.1938329513595,12.4827926426958,73.4278515123195,15.318981880856,0,0,18.1363726169286,2
922.266356121941,64.1831063496143,55.872450600106,10.16769247589,78.9980513393534,13.3263879139022,0,0,14.3557206270824,2
925.58827137166,66.3529883715582,56.0640565577471,17.5279324623195,67.9398801397883,20.9711832570105,0,0,14.4246214041563,2
920.767570579408,51.4119513647953,35.9227684549772,10.327253488297,61.5213079399393,14.1461696490617,0,0,39.1891367381667,2
921.610000000007,64.8680000000013,65.3,11.7663043999997,81.9999999999999,15.211192,0,0,13.2200000000003,2
921.540000000009,43.1600000000004,52.5,23.5549781999998,67.9999999999999,29.8407796,0.0499999999999545,100,19.38,2
923.418287331539,60.4350342971211,52.1639610200997,17.7431897313656,66.7553976777616,22.6298459896238,0,16.3626218121885,10.4386109734444,2
920.181294656664,58.9081093132383,57.9008854960288,9.39512067868866,75.7243358779783,11.7354312129776,0,0,18.9331419846211,2
917.803773600585,77.0278834952158,178.478373614306,5.3529334986548,192.95315752022,6.3666098242615,0,0,19.9366651977444,2
919.310310030465,76.0640987578807,273.110132870196,2.08183228343734,206.154490857788,2.68853241544257,0.017665190331208,23.5535871082095,20.3169547544593,2
921.772168250893,47.9424140408282,44.6619514508423,12.9398805962784,66.8301574234088,17.0876589104954,0,0,32.6878379861028,2
921.634899613727,65.8972904472465,73.4864185786758,3.01697200289608,93.2822348396703,4.01896733652484,0,0,10.7202691115556,2
920.508940033668,80.9889222420938,58.9035771042393,9.48231341723832,78.4823777774933,11.8218161370333,0,0,19.1719174745294,2
919.700000000012,78.5300000000007,187,4.9436373999995,193.8,5.72656639999993,0,0,8.48000000000119,2
921.610000000006,38.1380000000008,46.6000000000001,4.51861879999963,59.5999999999999,5.52524180000005,0,0,29.8,2
918.309540582038,75.0523878135813,183.267714193869,2.01333741059034,187.579523656448,2.66530328257217,0,0,10.6754622389008,2
916.990000000008,75.0739999999983,73,4.60809639999974,98.9999999999999,6.37527899999991,0,0,8.83000000000067,2
919.400000000008,58.4059999999991,40.4,6.68845059999975,61.5999999999999,8.41089439999988,0,0,15.0200000000001,2
920.986186534733,57.0736449901738,71.7392712880389,2.82100459096764,63.4742376232822,3.42570041318103,0,0,21.9058518813962,2
919.721008002923,70.2349850446951,118.161587019447,3.32550979082819,161.676002750261,4.96445992068158,0,0,18.7833775497216,2
921.530000000004,77.7020000000024,97.1,3.26593239999968,125.9,4.45151059999994,0,0,14.56,2
920.288154912912,75.7652368630875,91.578831664582,1.27115043064307,88.194484365701,1.89749363064312,0,0,13.2228815845622,2
924.510000000006,71.9060000000007,196.7,6.64371179999962,217.9,8.27667799999999,0,0,15.8100000000003,2
914.027198241826,73.2189978583675,219.433258199238,1.50059521877417,125.443514031685,2.20327371264762,0,0,25.5614110224817,2
922.570000000009,69.367999999997,193.5,2.63958919999964,220.2,3.60147340000004,0,0,19.9500000000002,2
919.738160585388,67.4327443006116,147.470881543995,1.15777533449612,129.981819222938,1.89900003624083,0,0,15.4411858461069,2
920.230000000009,67.3159999999995,153.2,1.23031699999976,136.9,2.08035419999993,0,0,13.89,2
923.349126953682,48.6111609306966,46.6873457556324,14.1417940126929,67.6011822998558,18.1772169114629,0,17.9446538231057,17.203283082455,2
921.933298402703,64.6182692196922,73.213445111374,3.81559198132138,92.0331936107825,4.73350099966881,0,0,12.2849738020218,2
921.557539920745,64.2505852210053,65.2192921857522,10.9268001982833,81.515753114513,14.0783126740279,0,0,14.2792900620029,2
918.977516202497,53.6358811848151,47.4890523734404,7.65012486326468,64.4867817204706,9.53536615761674,0,0,23.8993327248714,2
917.33441085369,67.003168458046,66.1548716082241,4.73837195122825,79.241465254793,5.7868742135203,0,0,18.7209743216448,2
919.125090533986,62.9906724728916,168.813362364443,3.85319024747027,191.599281839011,5.21190955169581,0,0,20.8758446030235,2
915.300000000006,78.4040000000042,182.8,9.93201359999979,189,10.9833754,0.0200000000004366,170,35.1300000000003,2
920.080000000006,80.5820000000038,40.7,4.51861879999976,62.9999999999999,5.88315219999998,0,0,29.5800000000004,2
915.010000000012,47.4979999999998,163.1,4.94363739999955,195.9,6.57660359999995,0,0,88.6000000000012,2
919.650000000002,77.0360000000015,70.6,3.82516739999999,85.5,4.76468219999997,0,0,22.0700000000002,2
920.820000000008,62.437999999998,213.6,2.61721979999964,165.7,3.31067120000004,0,0,43.6400000000002,2
911.000000000008,86.4319999999983,202.9,1.20794759999985,162.9,1.67770499999982,0,0,15.19,2
918.800000000004,67.0820000000023,176.1,4.87652919999969,183.4,5.56998059999991,0,0,18.9,2
917.230000000006,67.6760000000039,177.8,2.46063399999976,93.1999999999999,3.28830179999991,0,0,40.6400000000002,2
920.350000000005,47.5700000000002,192.1,6.26343199999969,205.7,7.605596,0,0,54.55,2
914.490000000004,49.8920000000056,163,4.85415979999991,189.6,6.73318939999997,0,0,92.1000000000004,2
916.280000000008,55.5439999999982,174.6,2.59485039999974,191.7,3.37777939999975,0,0,79.9200000000005,2
918.700000000006,76.2260000000045,184.6,4.09360019999981,194.9,4.74231280000009,0,0,19.1699999999998,2
917.300000000006,85.0819999999983,149.7,2.01324599999987,70.9999999999999,2.86328319999983,0,0,32.02,2
912.640000000009,53.9959999999986,177.7,6.82266699999983,190.7,8.63458839999983,0,0,89.77,2
914.670000000009,64.1660000000004,137.8,2.12509299999972,177,2.72906679999979,0,0,58.5700000000005,2
914.660000000005,50.3600000000032,177.6,8.52274139999973,186.3,10.0214911999999,0,20,91.2200000000001,2
914.900000000008,64.6880000000009,174.6,5.65945819999974,184.5,6.86740579999988,0,0,43.3700000000003,2
914.540000000013,67.6580000000016,170.2,8.25430859999954,184.3,10.8491589999998,0,0,35.0500000000013,2
918.580000000007,76.9820000000042,150.7,1.31979459999976,182,1.94613779999999,0,0,15.5400000000004,2
920.030000000002,66.9920000000037,172.5,2.46063399999988,168.1,3.31067120000007,0,0,29.8900000000003,2
916.180000000012,61.3040000000023,173.6,1.72244379999937,209.4,2.52774219999974,0,0,78.7800000000011,2
917.020000000006,53.2580000000009,180.2,3.13171599999965,216.6,4.45151059999993,0,0,25.0900000000003,2
917.580000000013,69.3680000000021,180.7,6.95688339999938,191.7,8.63458839999977,0,0,28.630000000001,2
922.790000000008,53.978,182.6,1.85666019999976,208.2,2.63958919999998,0.0199999999999818,180,17.39,2
920.10000000001,53.4919999999985,186.1,13.4440093999997,193.8,15.3677778,0,0,31.47,2
916.220000000009,68.2519999999994,183.1,9.93201359999982,190.8,11.1623305999998,0,0,24.66,2
915.570000000006,61.3400000000005,174.3,4.89889859999963,180.6,5.50287239999996,0,0,13.8900000000003,2
919.000000000011,68.1619999999991,98.6,1.72244379999953,126.4,2.30404819999992,0,0,34.6300000000011,2
913.300000000007,79.3759999999983,52.2,3.22119359999985,37.3999999999999,4.09360019999982,0,0,13.07,2
918.900000000007,77.5579999999985,212,1.18557819999986,154.1,1.83429079999984,0,0,62.0999999999999,2
917.400000000007,73.8679999999995,181.7,4.13833899999984,189.8,4.76468219999984,0.0500000000000682,460,58.9099999999999,2
915.100000000003,47.1380000000033,189.8,3.8922756,215.5,5.48050299999999,0,0,72.2900000000005,2
918.20000000001,65.9839999999982,172.5,2.88565259999964,210.3,3.75805920000003,0,0,13.8500000000001,2
920.700000000012,76.1720000000025,190.9,6.26343199999943,199.6,7.27005499999974,0,0,35.8500000000012,2
913.610000000008,79.6280000000004,180.5,3.2659323999998,187.9,3.7580591999999,0,0,12.7600000000006,2
919.080000000001,72.7519999999998,166,2.46063399999999,198.9,3.13171599999998,0,0,41.9499999999999,2
915.560000000008,57.3080000000004,180,9.48462559999963,185.1,10.3794015999999,0,0,37.2100000000004,2
918.770000000001,68.6480000000015,160.3,2.14746240000003,198.4,2.95276079999996,0,0,34.0800000000002,2
916.790000000007,76.4240000000003,186.4,2.39352579999984,190.2,3.28830179999987,0,0,33.1100000000003,2
916.550000000009,53.5099999999984,205.8,3.80279799999961,226.1,4.94363739999994,0.00999999999999091,10,84.4800000000006,2
917.220000000001,79.9519999999998,52.8,3.60147340000002,68.6,4.58572699999996,0,0,23.2500000000001,2
915.700000000006,56.5340000000053,143.5,1.6329661999998,174,2.16983180000005,0,0,81.9900000000001,2
917.60000000001,47.6599999999979,204,1.61059679999961,183.2,2.23693999999995,0,0,89.8400000000005,2
913.700000000009,64.8860000000007,185.9,3.46725699999974,197,4.09360019999985,0,0,38.2200000000004,2
919.600000000006,46.9220000000001,205.6,16.2401843999997,214.7,18.0521058,0.0299999999997453,293,91.34,2
918.400000000008,60.925999999999,189.3,5.18970079999976,195.6,5.6818275999999,0,0,13.16,2
916.100000000008,51.2239999999983,199.9,3.26593239999976,220.1,4.02649199999976,0,0,88.4300000000005,2
919.000000000004,61.2500000000011,182.2,5.61471939999964,191.5,6.73318939999999,0,0,32.1600000000001,2
914.980000000006,84.3620000000054,178.4,1.43164159999979,209.3,1.96850720000005,0,0,37.6400000000003,2
917.800000000008,66.0020000000004,157,2.28167879999974,180.9,3.31067119999983,0,0,32.0600000000004,2
919.360000000007,48.739999999999,280.9,2.52774219999975,274.8,3.66858159999978,0,70,90.7000000000006,2
911.700000000011,47.8039999999983,190.1,3.31067119999956,217.7,4.0712307999999,0,0,90.0900000000006,2
920.000000000008,74.8939999999986,46.7,6.97925279999974,64.7999999999999,8.97012939999976,0,0,27.3600000000006,2
921.540000000002,45.2840000000044,192.1,8.41089439999995,200.2,9.37277860000005,0.0799999999999272,397,77.1300000000004,2
918.880000000007,60.6920000000003,178.8,4.36203299999964,185.4,4.92126799999991,0,0,34.7700000000004,2
914.700000000009,63.5720000000003,171.9,8.56748019999972,182.8,10.6254649999998,0,0,51.6200000000005,2
919.280000000012,72.6440000000021,95.9,4.71994339999941,85.5999999999999,5.88315219999979,0.00999999999999091,20,47.510000000001,2
915.600000000001,56.2819999999996,178.3,3.19882419999998,201.7,4.16070839999996,0,0,89.9500000000001,2
920.020000000002,49.9460000000049,183.4,8.38852500000007,193.7,9.82016660000005,0,0,50.3600000000001,2
922.320000000004,55.526000000001,215.9,9.39514799999964,228.5,10.849159,0.0200000000004366,60,91.12,2
917.560000000012,68.6120000000025,171.6,7.60559599999944,179.6,8.67932719999975,0,0,40.1400000000011,2
914.830000000011,74.5700000000024,175.5,1.40927219999945,153.8,2.23693999999974,0,0,47.5100000000011,2
923.820000000002,64.3640000000057,126.4,2.97513020000007,63.7999999999999,3.46725700000005,0,0,22.1900000000001,2
915.730000000003,45.7340000000023,182.2,7.31479379999994,190.1,8.50037199999998,0,0,90.6100000000005,2
917.150000000004,49.3700000000051,169,10.2004464,184.6,12.6610804,0,0,34.7000000000002,2
916.400000000007,78.5119999999996,182.5,3.91464499999984,191.6,4.63046579999986,0,0,34.71,2
913.800000000004,68.9540000000054,139.6,2.2369399999998,188.5,3.53436520000005,0,0,35.1600000000001,2
929.320000000001,49.9820000000037,107.7,1.78955199999993,152.6,3.04223840000007,0,0,11.3400000000004,2
913.633267677042,82.6641642574292,206.371593128903,1.31149087378339,165.085817895976,1.90780116396338,0,0,15.6117342764002,2
913.260000000007,48.2539999999973,235.9,11.4978715999997,252.6,14.1821995999999,0,150,89.75,2
918.55000000001,52.7539999999967,175.3,3.01986899999967,202.5,4.42914120000001,0,0,66.2000000000005,2
916.750000000008,61.5740000000002,79.7,2.55011159999966,96.4999999999999,3.15408539999993,0,0,35.2400000000003,2
918.030000000009,44.0599999999972,165,7.51611839999962,186.8,9.90964420000006,0.0199999999999818,250,90.4300000000002,2
915.100000000007,89.7800000000054,159.5,2.63958919999979,189.2,3.75805920000004,0,0,30.2700000000003,2
913.200000000009,63.3740000000007,178.8,7.22531619999974,189.7,8.50037199999986,0,0,49.1800000000003,2
918.100000000012,58.7660000000021,188.1,4.63046579999942,199.9,5.86078279999978,0,0,87.900000000001,2
918.100000000004,61.9880000000047,191.1,11.0504836,199.4,12.7281886,0,0,19.2400000000002,2
913.200000000008,39.0199999999997,185.8,8.8135435999998,200.8,11.0728529999999,0.00999999999999091,130,91.4200000000007,2
912.800000000003,42.5120000000045,190.8,11.3860246,198.1,12.7281886,0,0,89.7700000000002,2
916.400000000005,72.9680000000046,175.9,3.19882419999982,186.4,3.95938380000012,0,0,19.9599999999998,2
921.480000000004,76.6220000000022,195.8,4.20544719999967,213.5,5.39102539999993,0,0,19.08,2
916.280000000002,47.8580000000039,52,10.6254649999999,68.3999999999999,13.6900728,0,0,57.7000000000005,2
915.690000000005,43.6460000000053,177.9,9.17145399999981,187.3,11.1175918,0,80,91.8800000000002,2
917.120000000004,45.8960000000048,179.2,3.40014879999999,195,3.98175320000002,0,0,89.0300000000002,2
917.15000000001,59.9539999999985,191.4,6.68845059999959,198.2,7.38190199999994,0,0,20.1200000000006,2
917.850000000006,65.3720000000002,129.9,1.45401099999984,176.2,2.23693999999985,0,0,39.3700000000001,2
918.100000000002,49.9460000000024,124.3,1.45401100000004,144.1,2.23693999999998,0,0,91.8700000000001,2
916.320000000004,63.0320000000007,68.9,3.95938379999966,79.2999999999999,4.65283519999995,0,0,37.0500000000001,2
917.800000000011,75.9020000000019,161.9,8.74643539999937,183.5,12.5939721999998,0,0,42.0900000000009,2
911.450000000008,66.3260000000002,66.2,1.83429079999974,78.0999999999999,2.88565259999972,0,0,47.6100000000005,2
918.300000000001,78.8540000000015,88.4,2.84091380000002,108.4,3.93701439999996,0,0,15.7700000000002,2
916.500000000014,74.5880000000021,101.2,1.83429079999939,132.4,2.59485039999977,0,0,33.7300000000009,2
917.700000000008,56.2640000000002,199.3,3.55673459999985,211.8,4.69757399999986,0,0,75.1600000000003,2
912.980000000004,46.9940000000048,190.2,5.65945819999989,202.6,6.82266699999999,0,0,91.3300000000002,2
918.690000000006,48.9020000000008,200.4,4.47387999999963,222.1,6.0844768,0,0,77.7000000000003,2
915.300000000007,51.5120000000001,179.4,5.07785379999965,186.5,5.74893579999992,0,0,68.5200000000003,2
915.030000000007,72.4279999999984,162,2.37115639999986,190.8,3.3106711999998,0,0,43.1900000000001,2
918.300000000004,64.886000000005,140.6,3.75805919999978,90.5999999999999,4.80942100000004,0,0,36.0400000000002,2
917.580000000011,63.9679999999981,161.8,0.872406599999563,139.8,1.56585799999991,0,0,22.3800000000006,2
918.360000000003,56.7140000000052,49.8,1.40927219999995,85.7999999999999,2.01324600000005,0,0,62.8900000000001,2
916.300000000008,63.3019999999981,184.8,6.12921559999966,201.2,7.69507360000004,0,0,13.8300000000001,2
918.790000000006,52.2320000000014,201,4.80942099999962,214.9,6.08447679999995,0,0,32.0800000000002,2
918.650000000008,73.1840000000001,174.1,8.27667799999982,185.3,10.1557075999999,0,0,47.5300000000004,2
916.330000000011,68.4140000000024,170,6.24106259999943,183.5,7.58322659999974,0,0,31.2200000000012,2
913.830000000007,52.2860000000004,175.2,5.50287239999966,182,6.35290959999992,0,0,52.3700000000003,2
922.100000000006,54.1400000000009,85,1.43164159999963,94.7999999999999,1.90139899999995,0.0399999999999636,600,90.84,2
918.600000000011,56.9479999999998,157,1.54348859999954,160,2.34878699999998,0,0,64.7200000000012,2
917.100000000012,52.0880000000013,173.8,3.28830179999953,201,4.98837619999983,0,0,90.5800000000012,2
917.400000000011,74.0480000000026,182.1,3.08697719999943,201.1,3.89227559999974,0,0,36.1300000000011,2
908.970000000004,48.6860000000048,147.7,8.00824519999984,183.1,10.5807262,0.160000000001673,330,91.8900000000002,2
917.180000000005,62.8340000000025,186.3,3.22119359999967,197.7,4.02649199999992,0,0,36.63,2
915.700000000002,60.5120000000023,79.1,8.2319392,88.2999999999999,9.43988679999998,0,0,16.7900000000004,2
915.600000000007,70.2860000000048,121.7,1.76718259999982,165.3,2.52774220000004,0,0,52.3600000000003,2
912.650000000009,68.2700000000006,123.2,1.67770499999971,175.3,2.68432799999977,0,0,53.1800000000005,2
917.290000000002,78.2060000000047,51.5,7.18057739999987,67.9999999999999,9.19382339999994,0,0,21.8700000000004,2
917.360000000008,60.5120000000005,179.9,3.64621219999976,198.5,4.54098819999991,0,0,74.4400000000005,2
912.990000000013,64.5800000000019,172.6,7.02399159999953,183.7,8.67932719999983,0,0,44.7800000000011,2
922.470000000004,50.3600000000011,181.1,7.33716319999964,191.4,8.72406599999996,0,0,82.83,2
917.330000000005,79.8080000000047,198.9,1.99087659999982,225.8,2.77380560000007,0,0,28.4,2
921.730000000002,57.776000000004,80.6,2.10272359999994,58.7999999999999,2.66195860000011,0,0,23.9300000000003,2
915.500000000004,57.6320000000047,188.2,2.41589519999991,203.7,3.35540999999998,0,0,61.6500000000004,2
914.130000000012,49.7119999999993,177.7,3.37777939999954,189.8,3.98175319999992,0,0,90.1100000000011,2
921.170000000003,59.3420000000047,180.8,6.82266700000003,190.4,8.25430860000006,0,0,31.2300000000004,2
914.400000000013,79.916000000002,174.4,3.93701439999937,190.8,4.89889859999978,0,0,25.3900000000011,2
921.440000000008,61.2139999999987,200.5,5.50287239999971,211.2,7.0910998,0,0,13.3200000000001,2
914.860000000008,48.0379999999986,183.6,5.05548439999958,193,5.99499919999994,0,0,78.9900000000006,2
919.000000000012,69.8180000000021,238,1.67770499999936,269.3,2.16983179999975,0.07000000000005,270,69.990000000001,2
910.340000000008,50.7199999999995,174.7,10.7820507999998,192.7,13.3992705999998,0,0,87.6999999999999,2
919.400000000003,69.8540000000048,119.4,1.00662299999987,158.7,1.92376839999994,0,0,26.4900000000004,2
918.380000000001,64.1660000000018,195.8,5.0107456,205,5.95026039999996,0,0,16.3000000000003,2
918.000000000005,60.3140000000007,187.5,4.27255539999968,207.6,5.54761119999993,0,0,35.83,2
917.540000000001,77.5040000000001,150.7,2.14746240000002,207,3.44488759999997,0,0,35.4900000000001,2
916.350000000002,44.7080000000057,176.1,9.52936440000005,187.3,11.8110432000001,0.0199999999995271,220,92.1900000000001,2
914.870000000007,53.0779999999993,210.8,1.3869027999998,142.5,2.03561539999982,0,0,81.4000000000001,2
915.600000000002,76.2800000000011,188.4,1.8566602,173.8,2.37115639999994,0,0,21.6100000000001,2
920.240000000006,74.4080000000041,173.1,6.48712599999978,180.7,7.35953259999999,0,0,27.8800000000004,2
923.300000000005,58.8740000000013,69.8,8.12009219999961,86.5999999999999,10.0214912,0,0,33.05,2
918.350000000005,75.9200000000042,126.3,1.6105967999998,169,2.5724810000001,0,0,16.2199999999998,2
918.730000000002,53.9600000000045,184.1,5.59235000000004,195.1,7.09109980000006,0,0,33.7000000000005,2
919.480000000006,36.7520000000007,311.4,3.51199579999963,133.9,5.23443960000001,0.270000000000437,310,41.7599999999998,2
916.700000000012,49.8020000000011,171.7,6.4423871999995,199.8,9.10434579999984,0,20,80.1500000000012,2
922.370000000004,56.4800000000044,110.6,1.87902959999974,90.8999999999999,3.17645479999991,0.0200000000004366,120,65.5400000000001,2
920.750000000005,49.1000000000007,179.9,7.8740287999997,191.4,9.48462559999999,0.180000000000064,250,91.7000000000001,2
916.370000000007,76.7480000000005,206.7,4.04886139999984,215.3,4.83179039999987,0,0,18.5300000000004,2
914.250000000003,52.5560000000046,179,7.96350639999994,188.9,9.37277860000004,0,0,49.7900000000003,2
917.040000000002,42.1340000000057,171.3,12.4150170000001,190,16.553356,0,0,83.2500000000001,2
912.410000000008,47.4800000000005,61.4,8.63458839999973,73.3999999999999,10.6478343999999,0.100000000000023,400,73.83,2
914.430000000007,74.2459999999985,176.9,4.20544719999984,194.4,5.18970079999985,0,0,19.4499999999999,2
914.300000000007,48.1819999999985,177.5,2.48300339999976,203.4,3.17645479999993,0,0,90.9700000000007,2
917.300000000008,70.0880000000005,183.7,2.63958919999973,201,3.42251819999983,0,0,36.3800000000003,2
921.110000000005,41.2340000000009,197.1,17.7613035999997,114.7,20.356154,0,0,89.8399999999999,2
923.400000000003,42.6920000000051,192.9,2.57248100000001,87.2999999999999,3.46725700000005,0,0,72.5700000000002,2
913.660000000008,80.2040000000002,146.6,2.3040481999998,145.3,3.06460779999989,0.00999999999999091,30,28.2600000000006,2
909.190000000003,46.4900000000038,111.3,2.77380559999992,29.4999999999999,3.89227559999996,0,10,48.8500000000006,2
916.000000000008,58.1359999999992,178.6,11.4531327999998,188.5,13.8466585999999,0,0,36.2599999999999,2
915.89,82.3999999999998,210.7,0.917145400000029,220.5,1.43164159999998,0,0,22.98,2
923.900000000002,62.6900000000046,95.4,2.95276079999995,74.0999999999999,4.63046580000005,0,0,30.8400000000004,2
917.010000000008,51.8360000000005,130.2,1.61059679999964,159.9,2.34878699999994,0,0,70.0100000000004,2
917.400000000006,70.7360000000001,187,1.18557819999985,220.7,1.72244379999985,0,0,39.4500000000001,2
913.490000000008,65.3900000000006,172.3,2.63958919999971,187.5,3.44488759999977,0,0,51.0600000000005,2
917.210000000007,82.7419999999998,171.6,2.77380559999985,204.3,3.62384279999986,0,0,24.6200000000001,2
917.070000000003,47.102000000003,162.2,4.5409881999999,184.1,6.48712599999994,0,0,69.8700000000006,2
920.100000000004,58.8200000000013,134.5,1.72244379999964,137.8,2.66195860000004,0,0,54.6700000000003,2
916.480000000006,72.122000000005,170.6,4.69757399999981,182.7,5.86078280000011,0,0,36.2599999999999,2
913.050000000004,50.0540000000046,174.3,5.50287239999995,188.6,6.77792820000005,0,0,58.7900000000003,2
924.460000000005,53.456000000001,179.3,3.89227559999968,201.6,5.21207020000002,0,0,25.2099999999999,2
921.310000000002,61.3400000000048,48.1,7.78455119999989,55.7999999999999,9.10434579999993,0,0,35.4200000000004,2
914.900000000006,75.0200000000051,167.2,4.1830777999998,180.7,5.39102540000004,0,20,38.7200000000003,2
919.430000000008,60.5839999999992,77.6000000000001,2.14746239999974,96.0999999999999,3.75805919999992,0,0,21.4200000000007,2
914.210000000003,64.4720000000052,99.1,11.9676289999999,110.7,14.1598302,0.00800000000015189,34,44.4400000000003,2
915.220000000012,73.2920000000023,148.3,1.78955199999943,198.5,2.90802199999974,0,0,41.4000000000012,2
921.050000000006,61.4480000000005,189,8.79117419999968,197.3,10.289924,0,0,27.6299999999999,2
915.700000000006,72.5900000000047,186.2,3.40014879999982,196.8,4.11596960000007,0,0,32.7200000000002,2
919.110000000003,55.1660000000035,201.5,3.80279799999995,235.2,4.74231279999998,0,40,25.9800000000004,2
916.200000000007,84.4879999999998,42.8,4.56335759999984,62.9999999999999,5.74893579999986,0,0,19.4,2
916.200000000007,82.8140000000039,55,6.95688339999975,91.4999999999999,9.43988679999999,0,0,48.9200000000005,2
915.100000000005,57.0380000000043,186.9,4.1159695999997,201.6,4.9436373999999,0,0,90.93,2
917.900000000007,82.8859999999992,46.8,3.89227559999986,77.3999999999999,5.12259259999984,0,0,41.6699999999999,2
919.880000000006,61.5020000000007,192.2,10.9162671999996,201.7,12.5716028,0,0,20.2200000000003,2
918.000000000012,66.7580000000026,171.6,5.70419699999943,180.3,6.75555879999976,0,0,54.2100000000011,2
916.510000000002,75.4700000000013,137.7,1.0513618,180.5,1.61059679999996,0,0,26.9400000000001,2
917.400000000011,69.2779999999999,169.1,1.58822739999956,174.5,2.21457059999992,0,0,22.2400000000011,2
921.591558006557,58.7545485292858,90.5273039202614,2.77496975904531,57.1792156864879,3.41729136297248,0,0,23.8759738562165,2
915.470000000005,79.5380000000048,68,2.99749959999981,88.3999999999999,3.8475368000001,0,0,44.7899999999998,2
916.100000000006,69.5120000000035,189.6,7.47137959999977,197,8.56748019999994,0,0,30.2500000000004,2
918.260000000005,49.8920000000006,72.7,4.42914119999971,109.2,7.33716319999998,0.0200000000004366,167,35.18,2
916.630000000003,81.2660000000047,128.1,1.00662299999987,135.3,1.58822739999995,0,0,23.3300000000004,2
919.120000000007,79.3400000000045,167.2,1.49874979999981,168.8,2.12509300000008,0,0,35.0899999999998,2
917.410000000006,79.9880000000041,166.9,4.87652919999977,176.9,5.88315219999993,0,0,26.1000000000004,2
921.400000000008,75.2359999999986,60.9,4.02649199999977,75.9999999999999,4.92126799999993,0,0,15.0600000000007,2
916.000000000012,61.0160000000024,180.6,5.90552159999948,194.8,6.93451399999978,0,0,50.7700000000011,2
919.720000000012,73.4000000000021,109.9,1.85666019999944,83.6999999999999,2.57248099999977,0.00999999999999091,80,56.8000000000011,2
919.330000000009,53.9419999999977,163.9,1.6105967999996,203.9,2.28167879999997,0.210000000000036,610,72.6700000000005,2
922.820000000008,55.093999999999,59.9,2.75143619999979,75.7999999999999,3.44488759999996,0,0,35.2099999999999,2
918.460000000011,79.448000000002,177.9,2.93039139999937,187.6,3.48962639999979,0.0499999999999545,140,29.4600000000009,2
915.290000000003,50.6120000000043,153.8,4.45151059999998,185.3,7.20294680000004,0,0,62.4600000000002,2
919.390000000001,67.0640000000023,170.8,5.45813360000003,190.5,6.86740579999997,0,0,20.1800000000002,2
913.000000000008,52.3219999999993,174.8,5.95026039999975,184.5,7.27005499999992,0,0,79.9100000000007,2
916.260000000004,69.008000000004,68.6,2.70669739999976,79.4999999999999,3.26593239999991,0,0,42.7900000000001,2
916.830000000002,64.9940000000033,189.4,9.0819763999999,195.5,10.4465098,0,0,24.8600000000006,2
916.080000000012,61.2860000000023,155.4,1.96850719999945,191.4,2.68432799999974,0,0,62.1200000000012,2
918.600000000006,40.2800000000007,163.8,3.15408539999962,198.2,4.51861880000002,0,0,39.7699999999998,2
917.330000000006,73.2019999999984,106.6,1.38690279999985,147.7,2.01324599999981,0,0,36.7000000000001,2
913.770000000008,49.4239999999987,175.8,12.5716027999998,185.3,15.3677777999999,0,0,83.0600000000007,2
918.680000000007,64.868000000004,115,1.27505579999976,149.8,1.78955199999996,0,0,90.6700000000005,2
915.390000000013,71.4200000000017,183,2.16983179999954,207.7,2.68432799999981,0,0,40.3400000000011,2
914.800000000005,67.6580000000051,193.3,1.61059679999982,221.2,2.23694000000007,0,0,30.2700000000002,2
914.000000000005,73.4540000000051,173.7,4.54098819999979,181.1,5.27917840000005,0,0,33.7400000000003,2
924.290000000005,62.3300000000008,43.1000000000001,2.30404819999964,61.7999999999999,2.86328319999994,0,0,35.77,2
918.000000000007,82.3639999999996,109.4,1.81192139999985,162.4,2.63958919999986,0,0,26.92,2
914.970000000008,67.0460000000007,191.9,3.28830179999974,203.2,3.84753679999985,0,0,26.4700000000004,2
919.000000000002,63.4640000000015,96,0.782929000000023,105,1.23031699999992,0,0,28.43,2
917.730000000006,76.1360000000044,85.9,4.29492479999979,42.7999999999999,5.95026040000008,0,0,38.5199999999998,2
920.020000000012,71.1140000000023,92.7,3.40014879999943,66.5999999999999,4.83179039999978,0,0,48.220000000001,2
919.710000000007,43.6820000000008,210.3,5.01074559999966,225.4,6.57660359999999,0.00999999999999091,200,82.1500000000003,2
910.450000000002,47.822000000001,171.9,14.428263,188.7,18.0744752,0.0100000000002183,75,91.7900000000003,2
913.650000000006,65.6780000000052,166.1,8.88065179999979,182,11.9676290000001,0,0,42.4400000000001,2
918.800000000003,49.8740000000044,52,3.86990619999998,61.1999999999999,4.56335760000001,0,0,40.2600000000002,2
925.310000000001,57.398000000004,184.9,2.97513019999997,205.6,3.84753680000007,0,0,19.2800000000003,2
918.000000000006,71.3120000000042,156.9,2.95276079999981,183.9,4.16070840000009,0,0,35.1699999999998,2
918.600000000006,72.8240000000048,186.2,6.30817079999981,191.8,7.00162220000006,0,0,22.5,2
920.740000000004,59.0900000000021,180,8.99249879999963,194,10.7596814,0.0800000000001546,520,35.26,2
913.850000000006,79.7359999999994,191.7,3.10934659999983,207.8,3.98175319999985,0,0,21.4799999999999,2
920.330000000007,68.864,122.4,2.03561539999986,182,3.08697719999986,0,0,52.3800000000003,2
911.600000000008,46.3460000000003,110.2,2.30404819999965,96.0999999999999,3.15408539999992,0,0,90.5100000000003,2
913.870000000012,66.9380000000025,171.9,6.50949539999945,182.3,7.47137959999975,0,0,57.4300000000012,2
920.130000000006,73.2920000000047,193.6,4.11596959999981,211.3,4.96600680000006,0,0,33.5200000000002,2
916.320000000004,48.3080000000021,46.9,4.85415979999967,61.6999999999999,5.86078279999993,0,0,91.03,2
917.130000000008,80.2400000000001,183.3,1.6329661999998,38.4999999999999,2.25930939999989,0,0,28.2600000000006,2
912.900000000007,71.8700000000003,129.2,1.43164159999981,160,2.0579847999999,0,0,51.8400000000006,2
918.900000000005,63.1040000000007,192.9,3.86990619999968,207.3,5.21207019999993,0,0,26.0200000000001,2
912.600000000006,58.4060000000054,172.7,3.82516739999982,189.1,4.76468220000004,0,0,64.8400000000001,2
