air_pressure_9am,air_temp_9am,avg_wind_direction_9am,avg_wind_speed_9am,max_wind_direction_9am,max_wind_speed_9am,rain_accumulation_9am,rain_duration_9am,relative_humidity_9am,relative_humidity_3pm
923.161416645561,59.5273311486972,50.9756489122234,16.4834011936269,63.6690807977702,20.8518815122737,0.00388567060154933,20.0011873723853,8.01316753729407,1
920.420994110228,70.8867107738392,198.848550257414,4.70145956755478,211.224150396891,6.05460513817152,-0.00352780485960884,-0.000801375507777506,12.7861796567469,1
915.413843588103,71.7363668436697,177.912341258853,4.88647287696472,186.653902577583,6.2935885826996,-0.00309991800959648,-0.0017920399653933,12.0095193688809,1
921.915350807528,69.7172033120236,58.3246893447498,10.5980687121556,81.9319020340693,13.4981481999568,-0.00321318414734239,-0.00118656145673637,8.45164712956962,1
920.668733415247,73.0003070621901,71.8900589942474,5.73489580279678,95.5890266795918,7.42323811967079,-0.00248403884487247,-0.00440198816761292,15.0819507329227,1
921.637856692546,73.0359077383319,217.435423588686,3.0373113031017,253.796427052447,3.9740930981733,-0.00519588164435118,-0.00144352794025953,12.2935652245683,1
921.351783093848,66.6129564635814,164.744541310007,5.9681820904713,195.937862283323,7.66790714894998,-0.00405563229693581,-0.00595334598437434,16.6283379962589,1
921.500688188018,64.9063227051355,50.6185573719441,10.8982120256141,62.3949403589145,13.8802980643364,-0.00188804641093295,0.00392399736284175,14.5767301819194,1
924.237282862972,68.5400058625852,56.2928268687533,9.27001863311821,68.9903490294215,11.8435938540714,-0.00195043236061194,0.000333607864565595,13.9565035387344,1
916.353428285063,84.4115327067444,209.939412684986,-0.279655393399721,109.22259282271,-0.219842959571805,0.00366518583048144,0.0029411872300129,10.6627086143785,1
919.804673683765,71.2089891537841,153.284568701095,4.33335387832431,137.008689254558,5.61438065239074,-0.000758663436756379,-0.00408645840658896,16.9994489164042,1
923.568520236056,69.901022617427,64.7091530348783,7.78428523502661,73.0733815085829,9.98286000858411,-0.0015567897696441,-0.000948029267064685,15.3869042302032,1
921.616177619934,68.4730708864069,199.056671206051,6.22436080239008,207.272406202157,7.95526929430619,-0.00341549459872628,-0.00275101276100565,12.4240269100562,1
923.104458108867,69.5445263491472,152.546362410333,2.57483554213992,181.252877292255,3.44211331224103,-0.00302413407540623,0.000836862032613128,22.2320153478981,1
919.229335215209,75.4907663033463,166.172265555244,0.324452288932566,198.964409169848,0.619455666411036,-0.00357047756153815,0.00134319680369692,18.721474687067,1
917.587471895969,75.7232708242395,181.94225361713,2.49579005738255,185.354312031023,3.30480205839733,-0.00255312792233266,-0.00204077197917818,13.0337527673357,1
921.643438300678,79.9933204122481,162.52962155667,0.232598115211245,193.909734313737,0.501081443301299,-0.00382105330612018,0.00340821193123622,13.9165083238312,1
922.025573544599,62.0692105076464,56.2068108098482,10.7248251785811,77.0088150176263,13.668211835677,-0.00224258997481761,-0.000326394907430264,17.9518165259984,1
917.964884818665,80.2130168850255,110.217511729342,0.9257745515839,129.728241729317,1.39202084297365,-0.00234640426164976,0.00195686715847485,15.1001212447917,1
925.207844161713,56.1209127485989,52.9466569004455,14.187049161144,68.9788977203724,17.9942174886942,-0.00165128023177493,1.54154025889364,17.8338885290566,1
921.122371981591,71.0410642085484,51.3473556521808,10.9570223249192,66.7577193054808,13.9521051461539,0.0230109156753822,75.8665841085973,6.63145064486419,1
922.234983723316,75.2375603944144,165.703281769199,3.16485875401788,205.628521687985,4.16377807933214,-0.00475144345432369,0.00162596166306643,12.366598870615,1
918.824475719651,33.2958242807328,192.670234374757,-2.2699627611047,206.105093961329,-2.57299755643413,0.00224356220341198,0.011114948601356,76.7407792768677,1
922.40287630514,66.8120192352895,224.898340217339,-5.10794260118143,250.841306005746,-6.14661278497932,0.100246170778426,300.009739513248,40.1161489834779,1
915.937654435666,69.1767142950319,46.7314379957099,10.9744630559042,64.6388086633412,13.9716396342785,0.000458704735214891,9.39739211346259,8.32903982259639,1
918.638445579238,76.0241148441115,69.4905632198228,4.98651813376791,103.11307091091,6.48980387707687,-0.00321896937738337,-0.00203306585556991,12.6284573540155,1
921.046498970723,51.2804576698481,46.3833085099079,13.6713893586251,67.3252818605139,17.3626135976427,-0.00178944192774218,-0.00347156125934973,24.7915831933458,1
921.378695642426,72.6312450296844,71.0073846000726,5.5432976210799,96.2219186990358,7.18639913468799,-0.00247088485764883,-0.00477898939695566,16.1033883541585,1
921.777715959556,40.9845439106475,52.4526242003987,21.9806185033886,67.939309279454,27.7381061732971,0.0312573069114087,100.002302161205,17.6425539978372,1
920.068123520866,73.8249169502757,179.199050820734,2.12494663284568,192.070109973427,2.85150457476875,-0.00280431108006637,0.00487456285386436,16.4749238432387,1
919.703983403438,59.1735061672865,53.1318661890886,12.3173885559044,72.0632015217076,15.6576290925878,-0.00222609868316605,0.00244605229605759,17.6658065416455,1
920.270282668452,75.0124768314913,56.1180641705712,5.05003397956791,72.722810530914,6.57408657248786,-0.00175363251048361,-0.000885207950927549,15.3850246545037,1
923.529095615042,63.4315530345793,63.7182322563213,5.38010458850795,75.52314889973,6.99818027568658,-0.000448826557689744,-0.000889900945784203,29.213966404163,1
923.034813439275,44.5611386135688,198.527702911932,3.67901700901193,215.343143155476,4.82325968576216,-0.000819719477531821,0.00310203436653704,48.3875488292902,1
919.23754713244,72.1289344101826,137.209312025266,3.66264224549987,123.101742367397,4.78768539866794,-0.000528160130894909,-0.0031169305520689,18.3023352434843,1
917.283317554115,80.2882261842927,97.2904952457976,1.85934179435334,95.622470472227,2.55625151712029,-0.00098854484470455,-0.00110140189788204,14.2016171183754,1
923.070312854209,59.5106542003179,44.7546920279392,11.8242079452722,66.7039878406397,15.0503091032858,-0.00214110618779255,-0.00244086383479964,19.3017340989703,1
923.292506494702,70.2150976836158,38.4148894036916,6.17783851084067,64.9790137114822,8.00276239999468,-0.00187891928936612,-0.00184188246823258,19.8076016004712,1
919.607928857209,70.2695731167537,119.400213963521,3.70036589788997,162.600630978918,4.86778430739389,-0.00379972969421692,2.27139443071963e-06,19.6559110073595,1
919.645703864412,62.8982033976175,80.5908805405774,9.44378867252843,94.1123418070927,12.0515647433059,-0.00196266199090168,-0.00534025463437088,18.4431500898771,1
921.073054659607,71.0393431357902,73.5982873614729,6.8918898342365,93.4257302779794,8.86597969954644,-0.00237175666557972,-0.00541405225768587,14.8271654170335,1
921.412653864857,69.3829512440996,73.3172072335452,7.26708547382339,92.1661166395708,9.33610435811574,-0.00223200385370872,-0.00502722490930033,16.0903332976753,1
923.9196229658,49.1957056678918,198.871772107045,5.08895770490118,215.484228315684,6.57350211834505,-0.00166259630686059,0.000833899460020196,39.2956067768981,1
924.50484368582,63.1240037381211,40.7166936508411,10.3024771519163,65.4855920189326,13.1524665368873,-0.00219261648353611,-0.00208428830897554,18.8020770681307,1
922.618349161479,61.7437741044476,50.2072256257737,11.4037652274038,57.1433131806535,14.5143424611539,-0.00136869554648642,-0.0055035719412459,17.6586914834202,1
921.065607328647,59.3699729470734,48.3263273641145,9.61235035131729,64.562017194955,12.2888976586382,-0.0012320079339166,-0.0061150727559834,24.5271422324579,1
926.592853303102,62.2649557847261,56.7383916172793,13.6420155043993,69.1950193688988,17.3025416911185,-0.00247102883648045,0.00396931238540186,11.5484056316416,1
921.5320372929,72.9660251230041,165.543432433634,3.77249575346513,206.173075806928,4.92451862987103,-0.00473670695529194,0.000280376998934926,13.6286903211513,1
920.696729367507,71.3879275311221,181.014798438777,4.61061206099246,188.218605376085,5.95029533804331,-0.00288926418687413,-0.00072725348862979,13.694770357785,1
921.389456842778,58.1789826463839,55.2673446016949,17.0678011328957,76.6966047316709,21.5804703127743,-0.000815434990113515,8.21493614557653,7.46005207187981,1
918.515719480397,67.0318415265227,65.7633488637847,6.93567016726246,79.4151921160157,8.92836482837162,-0.00145138505813929,-0.00192075626507661,20.0829315021369,1
926.153135391141,55.1980729953918,51.661652717286,16.3858715069305,66.2506176187893,20.7375264230509,0.000847171392860202,10.0018497099188,13.9478268363875,1
919.609933042418,58.6473268544783,48.1640550059806,10.7187032496099,64.2093697425212,13.6681777022889,-0.00145873297929093,-0.00283440428852701,22.5778309679723,1
923.454956083521,59.8250833756307,47.7308360017929,11.7225205794359,67.1396161182311,14.9205659508107,-0.00202736139232682,-0.00148989724765808,19.1134538317984,1
921.981001306793,58.4258005057114,48.4376095446932,13.5488466094756,64.9482815820741,17.1967066854886,-0.00222031247002967,-0.00181842665533221,16.3116019811988,1
919.435003897969,68.4531206616976,47.0550574854214,10.9748519628199,64.8922497369756,13.9743351864079,-0.000406872179322696,6.53371011439613,9.68847897822376,1
917.061338984731,82.0580254947077,208.069634502646,0.498277000837388,108.257009792556,0.755050759533332,0.00367405986401508,0.00236806086829983,11.9063659249825,1
918.951812428302,76.3961261656869,183.362908767838,3.55078140561268,192.990410823008,4.62035990828951,-0.00333036658395176,0.000705831774208409,9.52441190983306,1
922.010726805606,58.4853106710817,48.4168519181705,13.5477630184544,64.9478822612588,17.1952992727931,-0.00222671762479742,-0.00170451047686815,16.2444216439784,1
923.69541541313,50.4913051740316,47.9705633635922,16.4804637966179,68.3905807686752,20.8666416786496,0.00435778087178164,19.996585122346,19.3020387290947,1
920.101704119459,47.0886138836302,163.897327596135,8.48059582148595,186.324655448561,11.2393439218165,1.46348736231596,4309.99530605635,40.3588941836121,1
920.718153884424,77.3728503069448,40.2421753002206,3.61624157113227,65.1541082883927,4.7965599009693,-0.00186024683116942,-0.00204049815768166,16.6385442587471,1
922.337231400668,63.5795524714391,137.996548397595,6.18188236760655,147.231633771088,7.94894564934177,-0.00186454625184688,-0.00344988072963916,22.4582222201329,1
922.293866269396,66.3763338176486,269.29599183597,6.07687072725197,232.878455958512,7.71597435022924,-0.00147902810351096,-0.00586284951810262,12.7555948171961,1
920.073691212772,52.7260905764331,46.6624560331385,12.5834776057578,66.4979223373327,16.0035970834276,-0.00158177080799992,-0.00319517636571956,25.5001833108543,1
924.280819406135,67.0993384132115,63.3332763199149,9.91806433677402,72.4793974142156,12.6478343032671,-0.00187319525727433,-0.00108943074446216,13.8919499017612,1
918.528524541563,75.550063098892,244.222682081014,-0.456800409075113,230.400749389815,-0.419168493357873,-0.00170333726722733,0.00374072365186079,17.2898585222804,1
923.760798107916,59.7460355888066,47.0434682810275,12.1671045221085,66.5868182983401,15.4753758666452,-0.00213400816882689,-0.00119158860622073,18.218039754141,1
920.985248945907,49.9109952922022,42.3831776480818,12.5882603992128,65.5034169719989,16.0180376650545,-0.00142514616515385,-0.00134251911541323,29.2792976768202,1
923.904561459832,69.5751857309976,195.429451732338,4.03181791801148,218.754594078613,5.22941141097962,-0.00383469250419319,0.00141570810584208,16.3405921472502,1
920.280142296967,67.3571194279959,111.788030356915,4.992529204606,52.3217169705011,6.4539252138871,0.00305385235154855,-0.00194922142085478,24.3637706405437,1
915.649735448028,72.2579709105954,178.254920531348,4.51850774215657,186.411331910642,5.8339124612007,-0.00301785336424641,-0.001802980962242,12.277554759616,1
921.339894912021,63.8986662345543,65.0679720783636,9.85614944380545,80.5086036200299,12.575158707735,-0.00200556998690241,-0.00101765866068817,17.3134249742744,1
920.396485236143,61.5474831365351,47.5906599854553,11.7350635056495,59.0156421261288,14.9296301159256,-0.00171015386027585,-0.00440827158233549,16.8036379815307,1
916.884687344275,72.4488281627003,177.38367991864,4.10216769101002,185.390152444074,5.31582090450068,-0.0028838336419197,0.00288656415553546,13.2712389774618,1
919.875212049278,66.7294385675038,122.994922723729,4.72587205124229,48.2940876894502,6.11028615521299,0.00398888524185516,-0.00161399061593287,25.5868856266671,1
919.922828478166,55.6760801861232,48.9263327906001,17.5063453969325,58.4044876185634,22.1294220635748,-0.00258522499608775,0.00353435152421641,10.1325507986005,1
923.958967023541,72.2554491110273,225.396426158934,2.27512960200839,222.464195934547,3.00851813216584,-0.0024375456924005,0.000493944694328686,16.3248991425658,1
919.423307390453,73.0628658806813,47.0806247704714,5.81058786066695,80.5208035793001,7.5357530289766,-0.00271803345720284,-0.00183926651421584,15.8313139619642,1
922.688098027044,68.5166200124901,151.91538180751,6.21904949626222,181.264623155912,7.9857616293513,-0.00395143984416899,-0.00351838727945323,14.6779763889031,1
915.186467156463,72.4378659098955,210.422102579786,0.844956291168347,126.285241082351,1.20454137544426,0.00346639069604686,0.000818860550244741,22.143243397986,1
919.541809096393,71.8266960706454,149.333031224575,4.60278206038625,233.443197500953,6.08047430406235,0.332277579233608,998.998371562981,13.4411508066945,1
920.578122103351,59.9718638100553,55.1839901610128,11.8692063208299,73.4148933230068,15.0967382281659,-0.00216772690479197,0.000466622801293448,17.7675151836786,1
921.371097081095,63.9406526527305,65.0889525857934,10.0118697080403,80.6491455735105,12.7692046231578,-0.00206028360389072,-0.000866892953426968,16.883702588284,1
922.822584134056,49.6859788435235,47.7574275812113,13.3066701650094,67.9826123920266,16.9102166904107,-0.00148500570306662,0.000683372100466942,27.8485844552535,1
920.580875031186,69.0873856872155,192.674705427797,4.29453562733124,221.751682639588,5.55966677632941,-0.00422066001746265,-0.000492411656271242,15.8293121420429,1
917.24388976696,83.5865563428495,116.21227299241,0.714791649925798,49.6702372169154,1.09152416911412,0.002922630876328,0.00224458496015724,13.9652967041867,1
915.9032670719,84.5734302233231,234.26144560002,0.516868505417367,125.450677217663,0.754383674101906,0.0035214224354929,0.00186912888417317,7.26756615849334,1
920.287532983338,62.6234668095417,70.8661226645861,6.96383026170438,64.1565368759336,8.96106117855911,0.000257631954910168,-0.00594104667941143,26.1738256057458,1
921.578932379706,64.2203210225387,65.2287021659077,11.0491106620521,81.5852849425458,14.0617298537322,-0.00242472688660178,0.000137346069671513,14.0213541341827,1
917.320344778953,77.3112092306045,91.2507033556435,-1.2244577028236,122.601576443435,-1.26777354480733,-0.00190717197476128,0.00436274666099097,24.5787140223567,1
918.224604502659,73.1758509617742,178.394759884688,2.1949356749005,192.845585427892,2.93989333775634,-0.00286588341397088,0.00403806979293405,16.8598445971027,1
916.827043075977,72.6837976767569,177.785031437654,2.24799397508629,193.433469019977,3.00690036317001,-0.00291256105492057,0.00340392909566046,17.1516508614355,1
917.192916477049,74.5962853159309,147.721241855858,3.26912569119882,175.227389992243,4.29962675151709,-0.00362446713055857,-0.00102239995030362,13.7730539483865,1
923.012871527655,51.2041940122767,46.6244194998345,16.1329135300872,67.6028461568044,20.4329188462523,0.00359468165376312,17.7447827315295,19.2171151005489,1
914.1511109348,71.166642095917,219.663879511553,0.335146041072647,125.853774974036,0.561625166240615,0.00419621523200898,0.00175031512364667,24.5963707504358,1
920.892007729437,61.4515014352055,47.0467031230626,15.1806678524765,64.0018665658532,19.2296005211477,0.00865383192025273,34.2397736510259,8.55148953721599,1
919.758911137273,83.0887532243373,95.7465051220758,1.25277283053293,51.1312953262561,1.78403111466562,0.00177587416964454,0.00258600674653201,14.114164312263,1
916.630578135355,75.7286153356162,173.990882386163,3.05907922266902,184.907794575841,4.01384632747485,-0.00306769856158983,0.000842913269124396,11.7600523768592,1
919.291596584849,58.5703306228073,214.093436385549,7.18733664117336,223.619541470246,9.16032696918686,-0.00304910511763927,-0.00453147136700375,21.1931997760618,1
921.987902432525,77.402008688247,50.6823374343368,4.99344152502032,74.4776321247219,6.50651048402089,-0.00233996380023771,0.00086488696449619,12.8480864500617,1
925.995464253105,61.7212145723767,54.176759387771,10.6099572815231,55.1741705528265,13.5221787294487,-0.000795846825779243,-0.00736593508113255,20.0295512373182,1
926.666930511898,61.6918479330676,67.7767162820704,14.027212980591,88.7701366406758,17.7793536684341,-0.00327937245904807,0.00112824988633992,10.3652852513786,1
919.071687591872,71.4230004527018,140.372026406013,3.69845236040232,123.734117676635,4.83048401318284,-0.000357863859500958,-0.00336766523130115,18.970967332892,1
918.652945010275,75.7827733674143,177.377611091149,2.71225575126855,128.8920380022,3.56078044674364,0.000894784592446683,-0.00239888273056648,14.6958045419281,1
918.376745622425,77.587139141991,36.6016424213046,4.78962368453225,69.3681657746952,6.26238362436936,-0.00267896535032854,-0.00306859858801369,13.1647625091195,1
920.783960515345,78.9510534701287,159.669850524416,0.819007552023232,190.301829317738,1.2346505478635,-0.00378308889262111,0.00255257912265181,13.8888046401308,1
921.244297003687,75.4124256364699,59.1578627865204,5.10555271560684,79.1175236486376,6.64230641034212,-0.0020729015720908,0.00687577379413445,14.5783972279932,1
920.010464929833,66.3133457825312,64.4149782761045,8.53268411444391,74.9680843866775,10.9202854345491,-0.0015697781848888,0.000362213090790923,17.5214324153459,1
920.005502082421,60.5166929755611,57.9359791327032,10.4756875187603,75.769186160784,13.3570808246792,-0.0018726084062767,-0.00170324367394724,20.2177705873649,1
923.160061034409,59.5241237775819,50.9757217883916,16.4848141036721,63.6713175021371,20.8536519370659,0.00390190842143688,20.0495733483687,8.01355896185182,1
925.374033276043,65.6105017021392,49.3809229254215,11.0910004106717,77.8761660477856,14.1275607838876,-0.00305360881186221,0.000944653539237769,13.2440249428892,1
919.682116553476,68.5081697723707,228.936261819181,4.16362299929968,245.831139417882,5.37010370764306,-0.00398517087917613,-0.000238928664820014,14.9497329829422,1
922.824986640689,67.7789775851585,55.7571444034875,9.21607467575196,68.8562272393435,11.7773408995189,-0.00188933545030661,1.30905496998022e-05,14.8645088616169,1
918.107666787146,77.2677721408575,90.2989246953619,-1.83203604905462,121.270338414671,-2.02407467270026,-0.00168639573977,0.0048926614614993,26.279105160659,1
921.659762278219,61.2831415311698,55.9640631169181,11.1418810361533,75.8705161464852,14.1888601983503,-0.00221658370073637,-0.000242537234039194,17.9243821225727,1
918.884224808546,63.7822568656601,166.872897414977,4.58698672385987,190.103091324905,5.94577092095259,-0.00292645521787355,-0.00124282620303629,23.3165151490891,1
919.974688448572,69.5851999540288,197.611525327292,4.88647021863403,210.035380516115,6.28774705304124,-0.00343074867641447,-0.000279227819330425,13.9801982129282,1
925.035710659583,56.288957932642,53.1806506829033,13.7866529878191,69.4757058934044,17.4946726292975,-0.00210623761915002,0.000953982869461528,18.5415237930107,1
924.737186979833,71.6846646569247,227.912253566337,2.9130863338904,222.929958449656,3.80254881173212,-0.0024561613081097,-0.000501868215351524,15.5221648438644,1
916.620210586004,77.3296113608879,120.871172314509,1.57470414223972,132.525489625,2.19522106686445,-0.00191736291454341,0.00139347823748409,16.5781834111342,1
916.971339405728,75.9781125539735,150.241853080433,1.4316767997952,142.628449865029,1.99432460211125,-0.000996501378233217,-0.000139068634102002,17.5373816610792,1
917.183750726139,74.2863873577125,176.003340769283,3.02518824029821,191.40409570017,3.97426282197486,-0.00323764402572117,-0.000166598178587052,13.438368254428,1
918.456685274306,75.080946822368,181.503333727903,2.35036423529406,186.440130188586,3.12571833192315,-0.00253142899996547,-0.0017315822789573,14.2794755674744,1
913.504944348637,77.5217074628236,95.8630686549848,1.719896271196,129.05282014669,2.39729820319133,-0.00297706425926755,0.00179475397585461,16.33853654318,1
914.492638307012,79.280085410616,120.738499135609,0.0613427075616091,139.147361861088,0.307526418100202,-0.0021668152353534,0.00347702885909994,17.273031401561,1
917.618110884088,76.6706422727097,134.865507612251,1.25004467416733,40.7951737924394,1.74845876133487,0.00496442840206104,0.00214326280526043,21.1972392114307,1
921.699147442984,66.8701640811263,282.381438923935,5.69058062689863,232.664957624683,7.22090008494574,-0.000789081187703309,-0.00535186327749808,12.6557188790031,1
924.404943855807,57.1057134883808,54.1354203983992,16.5109434893828,72.0169474503215,20.8892166392765,0.000339303285411753,10.0031189425899,10.7543051863559,1
925.699698270181,59.2449083581589,42.6858676930452,14.9855657204908,63.0823300423158,18.992619901274,-0.00281010051640701,0.000699553313973397,12.5415193220456,1
917.373298670821,71.553382076272,184.066936431575,-1.2157759767391,201.170057041272,-1.31139892930836,-0.00205344453485227,0.00612071348817432,26.5649258144796,1
922.445834523537,63.3836969680404,136.599690151397,6.28214382896796,148.119955860994,8.0758790029736,-0.00199627499424091,-0.00346457075876779,22.4809058334616,1
922.606923583934,62.9928315027186,137.575990206506,6.42869421857623,147.297984089226,8.25798123642989,-0.0018939048462352,-0.00366136036725651,22.64126203119,1
918.458206720428,78.1088535752983,127.572049155719,2.49924954603696,45.5988165297369,3.31208379086209,0.00381816024001859,-0.000511192209356427,16.5182220335804,1
921.636727487491,64.5502770961603,50.3677263417236,11.1185451447215,62.6092562173313,14.1558075205551,-0.00193667653609954,0.00380503533266763,14.5074257432688,1
920.665432163682,53.655997268664,41.9946936131845,14.9376011201808,64.8936295399357,18.9412374005741,0.000970192326240097,10.0002703498574,18.925041473018,1
915.498765565764,78.4567775011767,148.660457104613,-0.0764169648508898,145.549217995352,0.112866462784701,-0.00112011331258378,0.00191251524012187,17.8169623987313,1
924.001399554502,66.8683481339673,57.0922315205826,12.2095751240435,78.6607650057049,15.5119175526756,-0.00318377849348922,0.00163395762572256,8.55465962793596,1
920.702873958635,67.1568585061597,47.5230986056532,11.9537306141106,65.8312065977318,15.1960690986755,-0.00278977124203072,0.00162253416090456,9.06525775197948,1
919.203615794524,72.0106027030593,71.3986850284741,7.76272864923021,80.4787303878212,9.94679111647017,-0.00197938684830485,-0.00364445765524239,11.7703984304377,1
923.123613865994,57.653457810336,45.468683541674,16.109659121358,60.9963358366425,20.3914167272805,-0.00270982158653073,0.00196367726368025,11.4672859626574,1
923.228342705578,69.1862584383613,197.212119210724,5.03709559336879,215.175057635871,6.47964803007693,-0.00375548717699694,0.000681055471827554,14.3875095548301,1
916.799875251366,58.0530217888146,60.6799753105308,10.0803339969165,73.8020342067832,12.8633508079435,-0.00128548915563789,-0.00388814823345917,23.8135855241416,1
917.946726608113,71.9721919156773,145.376602854565,2.23734520103065,38.2702683566252,2.97527670575055,0.00584716801883057,0.00113937389398675,24.5473714848765,1
920.393145181449,70.3976831137277,75.2335477237435,7.81934589362228,92.628759033416,10.0206692974169,-0.00243571960717285,-0.00543072664534031,13.2829973969255,1
921.025285414031,64.0283159405618,55.3153423451441,12.6819383506495,74.5758807028047,16.1039158631644,-0.00286802644449488,0.00489655109998207,10.7501491358869,1
920.091197236134,60.1438326877171,88.5005903909709,12.7239120478871,112.217012168187,16.2872078337631,0.510413812854547,1510.91107965611,15.0029860466719,1
919.056003551462,72.7516623290184,291.488509901433,0.249753667385767,153.022955075933,0.396848696991558,0.0120764910065372,18.5854262104293,20.6766559895374,1
922.662866878467,72.5599915292755,67.9303230343651,6.86412007890029,92.2312372180694,8.83490106589004,-0.00247521879030197,0.64357150818232,13.4005902766686,1
920.408101037631,74.673163846125,68.481741977395,5.60053191535801,99.3402374448263,7.25762660686641,-0.00303022093081764,-0.00148966889123002,13.2357961292593,1
922.00236815069,62.2112703083506,63.0289116408258,6.44649399749564,75.132661899898,8.32887186412614,-0.000638648810142344,-0.00157014415846287,27.9887264265882,1
919.149671348129,77.1842110452869,189.530237707107,-0.444108467604285,80.2107656697717,-0.402477431462327,0.00541117561207825,0.00338283649135784,22.034560982449,1
920.307237061935,67.5430238791794,308.552255481364,3.91574922061461,123.567142630669,4.94630784442845,0.0080569035573392,-0.00252854117655675,19.0809509540557,1
920.415647620873,64.5861665772396,47.9811030990708,14.0039251825547,64.0754955116344,17.7539203027729,-0.00295293414762428,0.000907290334774855,7.34027644497563,1
922.02063196414,76.3377630689966,144.769480308321,2.76842537661118,95.8809267419526,3.65192418724094,0.00147113748178621,-0.00210758592911925,16.3427131403984,1
920.929615606082,69.374739383995,197.210684870306,4.80335909933039,210.047202063966,6.1853171666478,-0.00339682361135114,-0.000376228593774675,14.584156188846,1
917.137435231085,68.805490438512,66.1942249903423,5.90452971141519,79.29170410088,7.63950087018421,-0.00133605831000638,-0.00191201169048502,20.1602805627429,1
920.235653525759,70.24905141714,75.6123332388917,8.03417830156008,92.4441516336432,10.2881372213373,-0.0024505357406405,-0.00543458903732585,12.9253121668133,1
921.511171447191,65.6091780940712,166.36057405992,6.5096075342509,196.046067871997,8.34275284053173,-0.00402918178084126,-0.00597188699191265,16.5518222163853,1
920.837051260701,64.4855250017802,110.435544166297,5.91212661120897,53.7061455746205,7.60636631969227,0.00294513999412923,-0.00293511610518353,25.7960351576884,1
920.869007586288,68.6437638472844,47.258185754813,10.7678844145447,66.8467215888598,13.7165909183505,-0.00269539673022276,0.00203623595586277,10.0629984341164,1
920.659968168169,57.8746917499915,51.8362711337595,17.2395552869221,73.1784037633787,21.8079998284095,0.0389815827838552,125.114476958379,7.68117260388394,1
919.343277053107,81.2964980527779,97.7311549834681,2.6296298847911,144.440052743414,3.53129337705343,-0.00447709526066415,-0.00150361718546113,9.62578716897669,1
922.406455765225,74.6120587628674,68.5628012118497,6.38323940631239,75.9026024649396,8.22631519378599,-0.00166921161375265,-0.00226950776978361,12.5206388032846,1
918.622284142004,56.8866776962482,47.5598845465949,9.9531749952204,64.5774556293331,12.7170462561646,-0.00113333249613111,-0.00343397161020776,26.4955624238464,1
918.700551163902,63.2765391775499,54.6783194011794,12.4621934881236,73.2441234336392,15.8302990029071,-0.00269736751738813,0.00589722915847125,11.9675217289334,1
917.208801461668,63.6658204184232,251.838084022431,3.06510205021333,267.448824600044,3.99240727727569,-0.0035443817202278,-0.00184301585116954,21.957540823753,1
920.496119402801,70.2680932224993,75.4725077228627,5.11392838788713,89.092906656074,6.64784502949248,-0.00143725882871158,-0.003512320045261,20.1096280800284,1
923.836984166653,57.0042367897052,54.4754081867962,16.7335343308272,73.1340807026814,21.1665581850813,0.000225592504035776,10.0027388219168,10.2180253327234,1
921.839597704685,56.9081224604994,43.3760850144125,17.7133307381358,54.8312603085156,22.3954476599,0.0146049834441413,51.1219584163166,8.68636384841202,1
921.718497217036,57.5021300838509,47.0825381798893,14.5073527031741,60.7407244100176,18.3965545185863,0.012327211138861,42.6535578806033,15.3518977229595,1
921.770164523606,61.77029985932,56.6760562665553,9.91201524263378,77.2693190054519,12.6552047190043,-0.00198682680878253,0.00116066868393504,20.2317078782549,1
923.613734520612,58.6464972230117,52.1249773004519,16.4934193682094,66.7055156054451,20.8654617099336,0.00259572268938069,16.3645117697068,9.01022296674275,1
922.214413420782,64.6588679026941,55.8826716518959,10.7006551314989,79.0113798545124,13.6352093649007,-0.00264599065412676,-0.000486909252565401,14.7358757234768,1
918.578752849725,71.7938395475251,45.4240678174374,5.9891415840039,82.3212851890682,7.76200086347037,-0.00284416822907607,-0.00274773294156345,16.8513872939153,1
916.208564713973,69.5563794614554,215.549736145549,-0.605950302378034,232.444700123307,-0.562377549415578,0.0202411119408472,67.1194492765083,25.5847329010365,1
920.041020608008,78.0271096748549,91.6280132001739,3.01199248241576,88.2576156057695,4.000483766402,-0.000830701849961849,-0.00237884199080758,15.0294478589118,1
920.732651548673,76.335156081129,70.9574328951013,5.78245277830737,78.0732761359302,7.4725983740719,-0.00172662934794377,-0.00279186430692896,11.44956930731,1
921.325932968529,56.5555901856297,55.9785549060166,17.7176481856901,78.0731262817416,22.392734679965,-0.000277143164122045,10.0010582405483,7.84703634405338,1
922.4586753648,59.6628355238227,47.9097793289341,14.3265986701193,63.5959746265357,18.1643960887315,-0.00248880786878511,0.00272387228529526,13.0138496775545,1
926.124439319658,69.2057563662381,52.7752561665595,9.56354290229584,69.2131018273679,12.2127112792388,-0.00226138626770755,0.0035069337443589,12.7565766766789,1
917.103307202756,58.792510721599,61.0982974682177,9.94854302466759,73.9005463848834,12.6977505358836,-0.00130820861949627,-0.00348906323426428,23.2341711574797,1
918.701189891954,61.0069082470945,53.6892456767212,11.5893087779151,72.0796535016344,14.7464670944592,-0.00219871064064137,0.00329144804978763,16.979665212177,1
921.667740409405,64.3398233258433,65.2884171659306,11.4923237546565,81.9852973246775,14.6140259258226,-0.00258045351288327,0.000566457436148093,12.7982725488031,1
921.484976203056,72.4772322794017,53.6580610133245,5.66014818023486,74.7467836220157,7.34189504373122,-0.00189621004812512,0.0110773498076647,17.2399392821695,1
921.915803608792,71.7413074744053,71.5966818731303,5.78190848333973,94.3352801070316,7.4841866313367,-0.00228738254375835,-0.00537550667504576,16.7643978132533,1
920.947096520797,61.3726722994414,45.4964511556539,15.1043622513653,63.4156931562748,19.1359356040741,0.0086200348086531,34.1584917768877,8.90286576722139,1
915.554709156032,69.6125751502546,215.365283957528,1.41830513879271,121.877099895649,1.91735882806378,0.00412927280467465,0.00106398824315691,24.3681687101252,1
923.812432628674,60.9285364953044,62.8948867990063,12.339179617166,87.3553571579969,15.6796748734055,-0.00290977499737059,0.00175099220116902,15.1836452869256,1
916.673428127078,69.4025992682673,66.3392818490922,5.55739050774174,79.2501311696714,7.20559760748955,-0.00129723291499634,-0.00190906778052305,20.1863205567626,1
917.75021301073,73.2568357821899,174.735048281398,3.46586491050249,192.001256966552,4.5267042491889,-0.00334750071868211,-0.000953391605977974,13.7508144210401,1
922.505743767356,69.0161942599751,56.7979991162058,10.6822115634088,81.2395927530003,13.6055881750811,-0.00318594482847246,-0.000822765606450238,9.26970028928482,1
921.632875170435,67.2353104789693,231.692962709509,5.07803677043576,228.919327721746,6.50433302189309,-0.00284002861890494,-0.00449612036858413,15.1247046341453,1
920.300591227806,73.6693337633694,179.451977762812,2.07507508597886,191.461911464537,2.78925200064488,-0.00272071926243119,0.00345844065185927,16.8364100845853,1
925.32633000675,72.5290727412852,227.194742386641,2.50221734532657,221.793282961193,3.28979834548221,-0.002383310137447,0.000256169619863938,15.5975957043612,1
920.392839735204,75.3833714319508,183.705379374409,2.8968173348904,191.762310234178,3.80681660370429,-0.00293646341525174,0.000185827237504754,12.6003349081548,1
914.423408916517,70.3472842288284,212.855536070003,0.691491315472205,227.142931369636,1.04695865500482,-0.00281576734391265,0.00215211305693724,21.3968838910175,1
921.515522203155,72.1047097813719,52.9600491122394,5.730535123358,74.1920675284286,7.43068391505924,-0.00187378509689325,0.0116105963103024,17.5777310982505,1
922.928095426001,69.366704554458,194.007624739491,3.00229668283693,219.817241689589,3.94793239846213,-0.00368058188536552,0.000436038979231776,18.9534220612802,1
917.492478263548,70.6404508903811,328.321279008725,2.44908228651467,227.827527922995,3.1277723636856,0.00218891807949866,-0.00102334794516643,14.1664501590545,1
924.490117668333,70.3005524329309,196.873093099855,4.6782982468249,216.146157900266,6.03202295802265,-0.00383825912782788,0.00165289630331797,14.0071008767009,1
921.84353199355,47.2899495213343,44.6475293493574,12.7542949477065,66.812040636462,16.2275995986543,-0.00117126544749375,0.000710629793740664,32.1670204187064,1
924.002379332222,47.14998887871,199.873791314573,5.04613535122234,217.466113309619,6.52297280132968,-0.0015236836420113,0.00126060903844837,41.8717725275259,1
920.64296317861,68.7958603243167,75.1306544477302,8.2579311352156,91.3807134297627,10.5695028482377,-0.00231200939012062,-0.00507277171139172,14.3075991150135,1
921.003838866818,73.198672653909,180.217117477056,1.92420661461268,189.622025094693,2.60092917356755,-0.00246784221053182,-0.000825528972240275,17.9299570081955,1
917.517569883718,72.5982719940587,177.537187303031,4.61179161105431,182.818676883687,5.95002032777808,-0.00285499092795335,0.00301748655863161,12.0270472647689,1
917.029941479759,72.3627802513076,177.515729661561,4.68730937659524,183.630782437205,6.04455659367003,-0.00291144546663938,0.0020058725035607,12.0445683285069,1
920.239274314607,73.6387141477382,237.429561567678,1.44020312731782,239.527506645846,1.95822368665356,-0.00293661665546129,0.00124118133485644,15.1874739715604,1
921.937425740294,47.0450623404885,45.5883643151317,13.1146970357864,67.3854372056231,16.6764586679377,-0.0012365388220946,0.00057513906866552,31.5710209139984,1
921.975640653531,77.0884750765896,146.340638062611,2.44580065089795,95.6522202566404,3.24710206882383,0.00157253555570654,-0.00196462036180658,16.1439983895248,1
922.602096891135,69.9753687722799,55.2172221918955,10.6510346386196,83.1225946109761,13.5674561304704,-0.00347416200468452,-0.000816441126983958,8.13363092235429,1
920.778851049565,57.9561139743139,55.7076094253106,16.6225068100983,77.0668497317303,21.0252421891756,-0.000781473993708322,7.91824809200982,8.70567071390021,1
918.731160761234,75.9943209139816,185.41890543689,3.77403169035633,189.27369799099,4.89590263392754,-0.00300980501354504,-0.00111777886691844,9.53532443794787,1
921.127676467038,71.0908921011851,73.466915642918,6.81738090635152,93.4897564627099,8.77321553772269,-0.00236661808229672,-0.0054127126893746,14.9512190608565,1
920.192122998695,73.7419280732858,179.333963360456,2.09834489167733,191.745693741549,2.81829872959356,-0.00275972277197838,0.00411919594332718,16.6677424749508,1
920.086043791667,66.5471916130227,51.5197954026496,14.8051852336506,75.868495444424,18.7630977379731,0.0429477281416692,138.008699943308,2.5663518458664,1
926.557031357009,67.4595158280431,40.1103080495932,8.51576037489934,64.7136509380481,10.9204209598714,-0.00210382231058336,-0.000484618937492749,18.0181097236574,1
916.98980353648,77.8289330861252,154.104422741785,-1.03170707826956,81.4774805442047,-1.10234461993928,0.0037042464262331,0.00462751430909361,23.2329680110307,1
915.219414219046,71.4884172805262,177.436059067073,4.96770110945912,186.646068731606,6.39556257513742,-0.00312105688478504,-0.00175017371760483,12.1096227085977,1
918.871918792081,67.0971381645348,45.0028384495193,7.46481132613246,80.8473432216335,9.60827626984002,-0.00268825481341775,-0.00394493520672976,19.263671553966,1
924.339777748666,57.2326165385176,53.9698349528097,16.5095001561116,71.5794837839038,20.8872601200574,0.0005251479943839,10.5270601906281,10.6106579317907,1
917.263813431438,74.5713384232642,177.181097757679,2.92020228991523,190.20435171046,3.84150079751679,-0.00310189634847963,-0.00053826911359907,13.3581281953894,1
921.814288311107,56.9122010593592,42.4120632076921,17.7211136528833,53.4862582226434,22.4055047645951,0.0142645584679868,50.004225040243,8.73036202390966,1
921.532753943306,76.3864019497985,51.7677099031189,5.66715866252017,74.4994820235824,7.34644257372079,-0.00237448146320075,0.000716667710872708,12.4001241204526,1
919.961089652096,58.9853991776668,44.9522395928847,9.88220532113287,73.584377847024,12.631491354357,-0.00203391461468274,-0.00612857547046669,23.9752643367867,1
922.452372808216,73.4898496038039,166.869581199441,4.24244541526802,209.935099620858,5.50979520583114,-0.00509335576600368,0.000970996312929326,11.7970172547015,1
920.989213349612,63.7009303285915,110.066009579159,6.16338466496197,54.0844076642407,7.92124335961261,0.00291543693586921,-0.00320448830850991,26.1873672693856,1
921.13240657584,72.2658719035002,60.8577609926381,6.91432388945517,76.2457237729078,8.8986761851644,-0.00197790753941447,0.00204217583603909,14.1871740160248,1
918.820477559006,63.4892020232505,165.652254978985,4.39460354555299,189.153141100256,5.70728487786229,-0.00284046821159331,-0.00119300374103661,24.2041360401669,1
920.829824154489,74.6854637421428,100.201487509719,5.89023889168569,148.330347136858,7.60453259514698,-0.00481696606546959,-0.00490538561142167,10.0195762919169,1
925.156196051557,71.7813393355624,64.6288792242869,7.3702169620981,72.3366006693988,9.46452781337473,-0.00157488525509369,-0.00141137585697399,14.2802011902239,1
919.871103370561,68.8437064026314,228.521096754024,4.11155501187552,247.958387916516,5.30588839231802,-0.00416331908368368,-0.000160226074908718,14.6173748024391,1
917.994440277697,59.7053708509444,34.4890684491552,16.1123456675095,62.2586762433686,20.4655736414625,0.228000147039422,681.00536250828,9.25928679380555,1
918.132723435405,76.14027701448,70.4863360206259,5.21962670915921,101.96647353282,6.77857704449693,-0.00317635978598691,-0.00186073926316524,11.8660138312074,1
922.051652026761,67.0315737370525,225.36007079172,-3.99071680596143,250.410495153617,-4.75882879174519,0.0875659386851713,263.546877001183,37.0556055559188,1
921.149533303055,63.6425108980463,64.9399719017774,8.90611420815467,79.6511698842874,11.3913021435838,-0.00167176716256097,-0.00193746659274968,19.9351223509438,1
920.891524189065,72.1111925404375,61.1538830399271,6.84101980076333,76.4080275007449,8.80721290193128,-0.00194113621835255,0.00182872223808445,14.5112591745328,1
919.148333411153,64.9964003067478,171.93009079007,5.38404154198283,194.038790954139,6.93383261830636,-0.00328270444015385,-0.00144924359221276,19.639049613242,1
921.681447957484,65.6409987752008,51.9982258333575,14.0807420535628,70.3693448382003,17.8468507750658,-0.00328972410051921,0.00492396249409554,5.68125677107119,1
923.072648964349,51.1417589538067,46.7423152590804,16.1633521062691,67.6718362347976,20.4709044464578,0.00366151415518467,17.9419963872793,19.224552742197,1
920.463842760668,73.4246058632326,41.5899274271351,7.52194725260123,64.4436581608645,9.66847546672693,-0.00241555824052294,-0.00262946042034799,12.1002861217846,1
921.071297297562,63.638617771105,47.900088774666,13.8832353375524,64.2840448169561,17.6053976936043,-0.0028340294038212,0.0012982824162474,8.90043587586278,1
918.038649954962,78.9149454549861,117.23162641364,1.29125901709025,46.7495564985616,1.81548683078933,0.00349140666025092,0.00201888742431472,18.5990763081324,1
917.918767193257,58.8339042363494,47.9230184150635,8.71322968409392,63.7219340369516,11.1678268240273,-0.000926807593100636,-0.00344056622441315,26.9796027870148,1
919.289548063042,65.8738753210273,54.4161562855633,9.08103533705334,68.5204766062513,11.6114881218139,-0.00173638993486835,-0.000789268942524142,17.1375426604608,1
919.860206034432,73.3627448672617,56.4138620753867,6.92259019487523,73.6778605113751,8.91014358955959,-0.00214955148908723,-0.00041253428255895,12.829220226231,1
923.864530785987,66.8896007852496,161.909443312278,7.01454309013566,167.278289690566,8.96598292131409,-0.00259142170640191,-0.00679970805048016,15.1850530788554,1
917.812795020626,80.639574195963,199.287809662198,-0.365483892797801,94.0812426145921,-0.315160379063922,0.00457642256864308,0.00317168516107835,16.597708789041,1
921.186673252244,71.0471590210262,204.409022643011,1.79005372984089,220.793022639628,2.42413378663463,-0.00310385182364579,0.00361439337341924,19.235928491202,1
920.583676753157,64.4174258611417,66.1130668386631,9.01163187754597,80.1588745109615,11.5204076239245,-0.00176290023097457,-0.00235948776922738,18.5858518887425,1
916.478485802041,65.501371412298,182.210128007233,2.63725348348619,193.151094988584,3.49844199222821,-0.00205688507258937,0.00865444380163568,25.0386875528556,1
920.701593877147,68.3227609147951,198.161367212587,5.2187098331556,210.765248530773,6.70377360460228,-0.00340753043527183,-0.00190406440059112,14.8153294866507,1
919.181349861123,73.5008726441183,181.466818441377,3.57989718669904,186.822615666286,4.66094367226721,-0.00272543921859738,-0.00136743173699143,13.3726058155764,1
919.447330811488,69.5499757630261,81.7474471762817,6.76463078506204,91.2477838871968,8.70035833985289,-0.00166728505785642,-0.00408821531405574,16.6391871914989,1
922.35369022103,69.6382568538356,198.52201459412,5.45708325592328,208.658062675449,6.99857328481457,-0.00343392965854263,-0.00183269952676848,12.8852403709516,1
921.563182002202,64.1991269211049,65.2181115267936,10.9705054554439,81.5143415149532,13.9637784448501,-0.00239710828995491,6.12418476107504e-05,14.2382714191675,1
922.04069814434,56.875715203435,51.0358975090908,17.651490158169,65.5182216520373,22.3155370856094,0.01730989267718,60.0031144442026,8.33676825620625,1
917.520336340714,83.622557589178,108.025860684612,3.04624913729332,62.8330938735395,4.00940555238719,0.00102417624014061,-0.00125458295003491,8.07762848076781,1
925.435671733651,55.8984962765994,52.6369540555805,14.7169941564734,68.3213464686937,18.6553908859861,-0.00104912065436049,3.58058568750732,16.8972967441323,1
920.57923270582,72.0021967334992,213.557227192479,0.536181284000254,222.388246087598,0.85148559323532,-0.00253211015364027,0.00340760016777751,20.6912490758881,1
920.627890231076,60.0295378399639,50.8632994723042,9.26950841242186,65.9750955628614,11.8584502310727,-0.00118180626291434,-0.00618852164263236,24.3544676053664,1
921.68393730606,57.7149671410599,48.767571645919,13.3478786059322,63.3580210183229,16.9501887060328,0.0116282468784092,40.0015534837548,17.740843026345,1
916.463192335737,60.5892699125114,46.6052348738922,7.86780107699849,66.3346393834657,10.1129808022771,-0.00112326954308265,0.00224197380578392,26.5698933315956,1
921.598704181744,70.5906752825677,166.204752264927,4.3006759825327,210.293387746634,5.58713602826378,-0.00487763212519945,0.000420560671567688,15.1695215767565,1
921.277644929207,63.8149011025919,65.0261148528648,9.54547925450516,80.2282149660101,12.1880268108456,-0.00189641341803464,-0.00131844424594884,18.1707439343865,1
915.914277226959,74.6594526307935,209.164804562633,-0.225451858276288,233.448654786817,-0.0960503201482429,-0.00358239117066564,0.00278343936530311,18.2961322390038,1
921.811599468033,57.4146519009849,49.579262147456,14.8878692554109,64.1310203321641,18.8701078798368,0.0136613489131897,47.1588483464985,14.3757188655722,1
919.030611255124,71.8303166485146,209.108329850574,-0.105188678400884,222.5823378876,0.0560472037808627,-0.00258065242744109,0.0044356753550971,22.3529257539733,1
918.123132461461,75.1914363932823,184.549126889689,3.7545927110871,186.763063821286,4.87262525589458,-0.00280535695834376,-0.00237542795792141,10.6146227758595,1
919.700898442161,61.3697421650807,74.0234864558776,7.33671563247371,63.90794924407,9.4243002055467,0.000445686591825552,-0.00499100850402954,26.6874400820997,1
921.144083559598,72.9539210925745,70.7970031760669,5.47442990587871,96.9645537987177,7.10041898899524,-0.00254633660607454,-0.00452278337481944,15.8135203605595,1
920.375226966527,62.6648268431435,71.8610386886006,6.86251620721794,63.6302155851227,8.83364626028944,0.000364326725312417,-0.00590093805615845,26.3712947746677,1
921.565670169328,75.8670481245806,178.07204737556,2.20104441991126,203.370964546114,2.94872797981134,-0.00381886098155838,-0.0005315125825949,13.5722333075329,1
920.85975682075,52.9871199020451,46.5629662634663,17.8207430984837,59.7792884898853,22.530311606478,0.00387752580986802,19.024759961541,12.8990946226322,1
920.632577778049,68.7161581625588,196.171751533597,4.44730393257647,212.362568285483,5.74420002681551,-0.00343767874640972,-0.000332194756994874,16.1720547511101,1
918.059871600867,73.3292123048483,282.264471907328,0.857668355018193,229.236759099924,1.18528132553742,5.7314696773599e-05,0.00158570778914187,15.8769925668861,1
917.939838476724,75.3734211395011,183.65709895145,3.32385173581461,186.281012787894,4.3361426776625,-0.00271904844871063,-0.00226091434274877,11.4424081390162,1
920.477401230238,52.5429212554821,45.7462617726281,17.9620076348929,58.4594322250282,22.7073070171762,0.00425913026382936,19.9977621882456,13.1304145003491,1
925.162583623604,72.1787911280253,229.851848895122,2.7098256145951,222.444154658991,3.5466551312326,-0.00232169986688968,-9.63959571390775e-05,15.4196187925435,1
925.371601162981,65.6079295282864,49.3858808261912,11.0907344437388,77.8755360578981,14.1272271413575,-0.00305301973817913,0.000943730328634498,13.247444390133,1
923.994964336804,57.0434640761767,53.2552148606858,13.4176923925381,69.8929378117107,17.0332874537194,-0.00211689471460118,0.00131432110081182,18.3305062593976,1
918.552146638115,71.588913521446,45.8571681769396,6.08816221640533,82.5735930858376,7.88537380539301,-0.00284645897522621,-0.00275783351614359,16.8446789108287,1
918.495207230831,71.2962724386418,161.140779041628,2.19148004404332,193.652302609982,2.95539229839514,-0.00355178973448133,-0.00197279374463845,19.6769555676699,1
916.034035859848,60.5332814878417,45.2573333770049,7.16344651985386,65.2453608265258,9.23598837213804,-0.000922341300023777,0.00206839583586569,28.3556650697538,1
920.090865322821,75.7608405704277,120.937702307661,3.47840549709734,119.848282526186,4.56749404782086,-0.00140430452172384,-0.00182694468803654,14.8623406395652,1
915.352700405892,78.3930852340185,214.358187782162,-0.000291052217173225,116.779763291545,0.13525433832261,0.00390648435483118,0.00240005771603709,16.9941322653989,1
922.408564107596,62.023972322556,194.374982048428,6.70743648203915,102.458755126838,8.53748824297305,0.00380238888581881,-0.00228738739773635,23.2538443541371,1
921.667552473244,61.7940549002625,56.5132745697166,10.6806700417189,76.7891132596842,13.6130695003811,-0.00217701744432515,-0.000570416408506586,18.3534158336867,1
914.883696848507,71.999584534567,176.937187861907,2.32177294861373,194.250936745586,3.10007540905043,-0.00297746755256345,0.00252213963853521,17.5574152107638,1
920.278011995068,67.8525668573453,196.705775823068,5.10871064627761,209.039114800394,6.56803371970975,-0.00328930849175331,-0.000597594576572647,15.7100394132307,1
923.475246263377,61.4934433084908,44.9150282002361,14.5723198208025,63.5004276473423,18.4711586226858,-0.00287022987145813,0.000787005358527447,10.3519272981143,1
920.50721357901,52.719399719456,45.1514497576078,17.4824872698614,59.4795757242968,22.1101957927087,0.00373766837941438,18.4126575032692,14.0491539712631,1
925.519448941127,55.8895566843767,52.5583468313576,16.4312077409498,68.3408033946031,20.7925112646309,0.000663078785397241,10.0023097828166,12.7902354875285,1
918.805349537103,85.5605080962965,40.859150155784,1.93045019768946,53.4475343818359,2.67783801320256,-0.00145272409401371,0.00197566411834347,10.6088204228448,1
918.317534759081,71.8685104410338,144.033268688373,2.85872546838921,39.7723598343986,3.75179518405882,0.00552806832032813,-2.74361543103384e-05,23.2092824193978,1
920.829458950978,61.9777506717137,45.9148590633742,14.7493908607993,64.7626553949813,18.692407223507,0.00785433562481982,32.0089631790356,8.92626649745723,1
920.874070050444,72.2564972335467,37.1588835791183,4.44585126052137,65.1756006664882,5.84129263311431,-0.00171230586601145,-0.00284737506689616,21.1332990768662,1
925.637270640183,65.1835200032807,39.8302861594315,12.4945909090339,55.8115996595034,15.8794878456877,-0.00239320804911161,0.00340768352029654,11.4537797510929,1
920.968785547115,49.5714027453439,35.8823871376958,9.3966651079183,61.4700809355493,12.045874090584,-0.000563156234056165,0.00197290800070201,37.7195568431427,1
920.364940896873,71.3988909159011,198.985823421427,4.59813254125492,211.315821621331,5.92492584815507,-0.00355183113747311,-0.000581100001304892,12.3808323195208,1
921.116411371135,67.1799590673376,48.5743076276316,10.8189284772567,65.1031386411094,13.7807083970455,-0.00237919021043566,0.00277559587240346,11.8308448981902,1
921.745660804223,67.9964032750727,68.8842276663494,9.41051848466027,93.1085118304477,12.0171015606779,0.00725511047579575,29.9959355228797,12.8127924250287,1
921.005398973546,60.4974931058817,49.0985610366303,15.9625062168145,62.6226742944108,20.2034487376441,0.0101031948308144,38.2838873974749,7.87207697581996,1
920.866411781518,49.8384069252687,34.8565806107335,9.00371328561975,60.8448980240073,11.5564762900056,-0.000491987691072316,0.00212063557799343,38.3693840755868,1
923.045616043555,69.7455369348281,151.770933536224,2.2550151691074,182.362846990936,3.04430799169924,-0.00306797601502807,0.00141214302094249,22.7258801520335,1
919.506649829795,68.6636638088063,228.798591831377,4.05477547026368,247.186520205473,5.23471127042547,-0.00406888243447383,0.000153529529808821,14.9499259186165,1
921.053688577972,60.0912123105358,49.9723798906567,16.2954654821916,62.0353216311759,20.6181786889275,0.010720430863193,40.0061425380999,7.58273749383907,1
920.498122433645,68.0125211168319,163.667591064412,4.83955042901883,195.254844406943,6.25961668811482,-0.0039050637158344,-0.00476379562202035,17.5393885034095,1
922.785175906421,70.6351795866232,227.348470121243,4.3226598432029,253.634860972987,5.57059460527813,-0.00480521548011627,-0.00256805389046549,12.0950264943307,1
921.139784649911,67.0416672573915,48.6986472106109,10.8237508250972,64.9384150079182,13.7867658456202,-0.00234931684717222,0.00284544632135727,11.9978608080797,1
921.903966104082,72.6315055153674,62.1552117939318,5.16657126315381,72.9703700711248,6.71798401466032,-0.00125353413806685,-0.00268632794697511,18.136740365396,1
922.955961286211,62.0183503043561,45.4354123485717,14.4758500444589,63.5980300251931,18.3494266152898,-0.00288426670869678,0.000807420513729932,9.84078017483611,1
918.880459750125,63.7649483761158,166.800803479702,4.57562413314869,190.046985091014,5.93168538955732,-0.00292137662853201,-0.00123988357442962,23.3689400699203,1
919.676342183358,57.6375925928138,212.932069762035,7.01245747225172,223.116970129662,8.94492531256006,-0.00292451877390553,-0.00405841252270618,22.882088921717,1
919.85121838943,67.9425191127321,221.047316704954,-3.25341137254761,243.263087775803,-3.84626708355666,0.0672892330016979,204.07392100809,34.1301403160881,1
923.924152412537,66.7443657635699,163.348407301864,7.03006559878976,165.790540366539,8.98370593802658,-0.00241339772583277,-0.00717704003973425,15.3522743906782,1
917.871917343036,80.5303814673361,123.961277193188,1.30279583562009,45.1136375860496,1.82033525413461,0.00375148705027245,0.00131888694894576,16.4108950141755,1
918.08830182661,66.8073759389985,207.606019215867,3.37348284530661,114.698924061946,4.36455263103009,0.00400843705504233,-0.00017487963778444,23.9562481134784,1
920.638403013906,68.2683349093237,198.042462308212,5.22058089154668,210.643246973331,6.70623303184006,-0.00340074886270288,-0.0018004043911781,14.877662650309,1
916.841119870376,76.4369527191122,73.0295185076143,5.81498103699777,99.0380882935044,7.5160975526918,-0.00306753579869811,-0.00142062082300251,9.91874934179833,1
922.182590709206,64.2369695773012,139.954673945633,6.11140567480319,145.739919601167,7.85767195802097,-0.00172200003119158,-0.00372573116911123,21.7869460840179,1
922.190077261204,54.9395795051181,51.8857473043586,14.2423029471668,72.1822563942956,18.0654072557719,-0.00236244988162447,0.000707788351109045,18.6789233994089,1
919.854095525087,77.8396417391541,90.9282173836665,2.82881929068028,91.8618890758614,3.7742571111872,-0.00103444190401248,-0.00228806383078488,15.5715458076249,1
922.196011759812,70.0051089317465,197.829122387003,4.63004717749702,211.019428946527,5.96867591747255,-0.00343559057881882,-0.00103358864830881,14.3365384211506,1
920.395757125948,76.6158647473523,99.4801582641266,4.93815142567772,147.194393539464,6.4151596904538,-0.00471772487076239,-0.00391208004372856,9.9045911196964,1
919.686333572081,70.552925255157,118.168299349507,3.8408823300806,161.684957157873,5.04339179983221,-0.00386500216708997,-0.000312635659463022,19.0375813702322,1
919.578089513552,73.6133215110413,273.056827619652,0.218071012341368,206.086093205321,0.391918902549113,0.00931320008868543,23.5561694684593,18.3595324307811,1
922.543721367848,58.0955665067812,53.3591890341943,12.9032044159736,70.47473654077,16.3899203071026,-0.00213175523777044,0.00181678583525051,18.0362580787607,1
923.381932187223,72.8502472180322,40.1820155995384,5.85147119273556,64.9531654293131,7.59035173761179,-0.00197136940228061,-0.00133068410044622,17.2679214926374,1
915.922187160952,79.7904212076112,117.899328817281,-0.251640811657282,135.122558036995,-0.0812513357719402,-0.00198982302376916,0.00268790135801133,17.8017418326713,1
922.391060384226,66.250027311573,274.825254085677,6.22374226976989,233.460618055817,7.89413772729187,-0.00127890250335538,-0.00606381747381152,12.4072337999968,1
922.701288718133,62.6497163596311,60.4039683366274,7.51296068157827,76.3449500855357,9.66054941166976,-0.0011726566278392,7.51599882900378e-05,24.9866401639436,1
922.161802299389,69.8098507465645,57.2095174726247,10.6170765112629,82.3592040150074,13.5230206284724,-0.00330684086242241,-0.00105373695345487,8.33752115116931,1
918.477666916648,76.4788437146046,181.044258138323,2.46554574410058,127.656789465897,3.24824926001313,0.00114641783310522,-0.00214205570684759,14.3452198915273,1
918.908078019309,64.5131887686441,259.375638551975,4.10082862415062,256.304000792517,5.27179512474298,-0.00280152502730983,-0.00322702798931095,18.8259696139262,1
919.401713181125,76.6894386775939,120.867144622504,2.88423676653323,121.648159521728,3.8259307769601,-0.00146557594618141,-0.00111922014832789,14.9802513482963,1
918.890513063881,63.0686373183239,40.5015178269727,10.0956685657324,61.7300850720714,12.8911933778593,-0.00195152352657568,-0.00491739428736386,18.7438893397863,1
916.465320551536,81.0673423737504,99.3149113095592,1.55086331234591,96.8190515635998,2.16869376755123,-0.000973940838693521,-0.000723817402001766,13.765718890599,1
919.740681417803,69.947463153226,120.204777177835,3.82113722418976,161.923248808029,5.01785370206049,-0.00371536704884147,-0.000159901780834973,19.7880596200776,1
919.858520190616,65.5071942038377,64.896732790162,8.75185890238371,74.7950534772318,11.1940723033126,-0.00151450516016354,0.000134695463533919,17.9729915715362,1
919.573443485575,83.1329793284485,96.7638592190004,1.40136372841248,52.1007983781741,1.9684051064339,0.00171359541532915,0.00226781092245074,13.6140326540398,1
924.002417519055,56.638081633563,53.275631565534,16.6596602801523,70.6274636281539,21.0755492470849,0.000741038860234957,11.0274508254903,10.9978280883502,1
917.955609427116,67.5018444012391,48.254376213366,10.9521796420187,63.6625145216485,13.945239670117,-0.000351027347262419,6.0313030141699,10.7425053915973,1
922.934649936225,60.1180975086466,47.7069892997502,11.724654378298,65.7575680885164,14.9221079438735,-0.0019733981416926,-0.00198637021804572,18.7205086490628,1
923.242446903408,59.3695345988483,51.1815447672959,16.4851958944653,64.2130413816217,20.8543143299418,0.00365458353270534,19.3496969537167,8.19178452988172,1
917.923851899353,79.6145826817388,170.833519472991,1.30990566242509,183.314737713839,1.83110121842595,-0.00301879785014043,0.00321937097821396,11.4396855268537,1
923.611180004468,71.7301067960904,197.486325268464,4.03580017424238,211.235854239814,5.22651495970875,-0.00346528229128503,-9.59568330732356e-05,13.8087174827713,1
921.420792259552,63.1553508317411,62.2358173979343,9.46926372642159,78.8329855248993,12.0963292848337,-0.00184851794757588,-0.00143861094265792,19.3210073331892,1
921.12363400891,75.3628791166493,58.7812859834379,5.0986749349476,78.3253328074853,6.63385518982007,-0.00203334983273794,0.00591432665122074,14.6783239718111,1
919.770250370989,63.8084137207398,163.774919117737,4.88975045298742,190.196144396556,6.32646811448839,-0.00315788328245859,-0.00299190565897156,22.7511453448205,1
920.408148935744,68.6532601326068,127.848924560128,5.94643242391689,49.4782056051304,7.62448383160836,0.00361784114546459,-0.00475185214743079,20.1387776246161,1
924.374026491662,65.1112378820123,56.2329633161128,12.9984771755487,76.4942549309299,16.4980564060781,-0.00311385779465244,0.00345509097620227,8.99654413398628,1
921.562477417203,77.4048958004912,97.0934911875617,3.10298413858003,125.891726883929,4.12266895837151,-0.00299401543127723,0.000318493894746755,14.3227659889786,1
918.038727514221,75.0060501898668,271.107212586113,2.82817413380903,295.395324360742,3.58486407623827,-0.0345727760205658,-9.07846457580672e-05,42.43053336332,2
921.018142168566,45.522881865833,277.847699654831,6.38953834841218,136.468858078124,8.0316448383196,10.4897468753997,14729.9980956975,92.4814623327782,2
915.512725567916,76.563878337092,182.727842248576,2.73318161995683,189.046696924803,3.53973322978398,0.05842264558956,170.001127733156,35.0249743588364,2
917.990048756752,52.4014109824359,242.42714946693,5.18218888060912,271.582463352768,6.48630428594688,-0.0278909793660394,-0.000414414059462047,80.5093257423077,2
914.989479541968,47.675705983739,163.106934472544,5.72647271040803,195.895474424942,7.22207245677756,-0.0534384146679126,-7.30737704332227e-05,88.6102906844939,2
919.674120179456,76.8271921623636,70.5918514195911,3.00340472025267,85.505300222404,3.9261665942689,-0.0850474569102784,0.000191582314095236,22.0579610851009,2
915.647946841626,45.6495507784392,241.59688994771,5.96018122138932,265.801617113454,7.44078771457208,1.24113467470326,1769.99955158991,90.557909116762,2
917.260978805406,50.8992302332238,204.143892878126,5.382481481767,211.771745776195,6.74195114042919,-0.0289679644512534,-0.000680717368216298,73.2130358895825,2
910.990483816616,86.5141445447282,202.903259987241,1.50719203265392,162.897919751392,2.0301804611824,-0.0631883221433843,-6.69952185906593e-06,15.1945603981773,2
918.82017426808,66.9068988354128,176.0932488458,4.01676149525953,183.404475803248,5.01061910214433,-0.0131662385169428,0.000118408025126401,18.8895687177749,2
917.199815874448,67.9368386553109,177.810282946877,3.42447390073403,93.1933913038463,4.39263735984713,-0.0530781603314536,-0.000126238670669346,40.6546941542732,2
914.480729538781,49.9728510837223,163.003049039034,5.40858660900171,189.597904673903,6.85921994982559,-0.0658357877718807,-2.69598986555445e-06,92.1051038944324,2
914.884464320418,78.7548531819987,203.3051907367,2.44228229940389,239.996558533938,3.20769263067802,0.0795338252915132,219.999859256781,47.8980427889189,2
915.963272717434,39.0526300072523,171.858040859008,6.69119819700679,188.026976693348,8.34616868589338,-0.0221111793254788,0.000686114975066653,86.3699097647023,2
916.381285179727,44.8115303858986,183.075799062071,6.00744472625905,194.615630535306,7.53185696126016,-0.035547627368258,0.00041265054927537,86.1149352183083,2
919.389794310795,90.7678975207526,96.3864939092679,1.28847110359457,96.308713209057,1.89786981390303,-0.124279223199048,0.000304994833559283,25.6004541534807,2
916.208721181659,56.1597449295371,174.624310669736,4.77126127588195,191.684417214211,6.06740312806382,-0.0643028024247049,-0.000341914539420083,79.9545264851393,2
917.315767374979,84.9457637896897,149.694637324556,1.58262540734855,71.0034388940585,2.22752179159044,-0.10268591278612,0.000159120751963104,32.0123391033922,2
912.701857577695,53.4614674461562,177.678940500868,4.94348957540803,190.713526199341,6.29385920423919,-0.0692928456071146,0.000385921969245998,89.7398983539517,2
914.605969434604,64.7189812253258,137.821862863903,4.04089665422588,176.986012791215,5.17783187035511,-0.0728988513494376,-0.000296473805874966,58.6008961615958,2
914.751683140339,49.5667469968022,177.568932879456,5.39688512737496,186.320134867197,6.83317493677342,-0.0451645975732886,20.0005299742335,91.174595451414,2
919.484012322834,62.6276831250456,182.137674421585,4.37975360457572,186.540436308969,5.47663542178847,-0.019517657614538,0.00101266491993522,34.5386942820101,2
921.357570613729,50.7850507070609,90.7476391474722,6.30612980518946,112.268697531517,7.85750373748799,3.85384541973332,5419.99756933992,34.4227239416863,2
914.947780662249,64.2747467998072,174.583787694697,4.08610550111642,184.510479390359,5.159937911454,-0.0396416180522241,0.000287840653064642,43.3464576870317,2
914.690484401495,66.3586025309109,170.148603319712,3.92643768649951,184.332836087724,4.95183733390047,-0.0358244528409206,0.000844951679284808,34.9775610794846,2
916.312421970063,45.9387873964515,82.8377188689444,6.81081287646772,129.776524383584,8.52562438208993,4.96266450567147,7000.00210871876,57.7584858543756,2
922.537106727841,45.9093103265336,182.811348428917,5.95606801028736,191.392877629881,7.47391992431371,-0.0376668761950548,-0.000152859707250229,85.7252622853599,2
916.103104034457,61.9685580695276,173.626182946155,4.16657266639155,209.383164408972,5.34987844968872,-0.079325018116355,-0.000361477667798426,78.8174783966097,2
918.248151878138,61.9175491043426,78.3972335005053,4.24486069211828,45.1017755572694,5.49692634370894,-0.0937712706973804,0.000111313122514894,60.6460267980207,2
916.951199648013,53.8534214646459,180.223290830277,5.53193212562466,216.58487674821,6.79911104388697,0.0215273166168931,-0.000388724546955748,25.124194425055,2
916.651181518436,55.4260822834204,233.533633653159,4.65831826883001,231.778363623646,5.91099336730996,-0.0558400148691763,-0.000497404648347588,89.8882138094979,2
922.676422488487,54.960146602477,182.638561498915,5.51703757000077,208.175108783685,6.76368363537698,0.158111822515021,179.999284269721,17.4458168209461,2
920.33400925846,51.4683196137789,186.020540184156,5.70919199424428,193.851321673686,7.02723907296231,0.020640070932365,0.00125652850284538,31.3549055094588,2
915.569339935624,61.3448772325839,174.300350941838,4.65413923392395,180.599924764481,5.74672069949393,0.00935472741383486,-1.10452121702064e-05,13.8896607770274,2
917.485202969651,58.0796924302712,182.291496392844,4.95828977681931,190.305557157285,6.13060396655709,0.00638765903986906,0.000132021447029833,25.7473200485527,2
925.635081084321,50.4570892553351,154.235664742168,5.73436386878713,197.077006705066,7.18954904162759,-0.0368152311768641,-0.000543901048362238,69.8314149906609,2
921.020443988141,63.0411952514869,196.369390340281,4.45580947905008,204.019889673552,5.51346143317473,0.00399185517909042,0.00048787747600355,20.5849910332764,2
916.720037876112,51.1519285328845,73.7340048482285,5.70971371069595,90.3781402759952,7.21354115616549,0.678749541367242,1029.99930733348,58.7787416012491,2
915.304779911199,83.9715230533464,219.905187278236,2.01646782074823,244.99666605262,2.60732016989485,-0.0465780697534478,-4.95033153977038e-05,17.497407284152,2
916.572012383959,51.1889856920386,190.782118178457,5.3596844311159,198.011442848781,6.79213062884092,1.48870940756528,2169.99948414856,91.6650442769653,2
921.240119876308,47.9649643287043,46.0510753844245,6.28985053250328,72.6672252742064,7.85793686539103,-0.0268976710730538,-0.000796122695738731,38.1627748836275,2
918.869278647737,77.8234458088195,212.010475347098,2.17792755350926,154.093272652321,2.94935042106469,-0.0978466905729772,-9.72132515103912e-05,62.1149274011278,2
921.503807985896,54.5032160594812,219.998688501387,4.95463312211835,234.900818879626,6.24946322389021,-0.0453593736260493,5.32268103806198e-05,82.278244490177,2
917.430245818268,73.6061092365137,181.689763272612,2.9379251836195,189.806677587833,3.85062632671611,0.241791192486684,460.000027000118,58.8948613208959,2
914.973432908123,46.9870849695102,183.89621760126,6.49986833361753,191.205755424956,8.19208086216277,8.26639077890976,11650.0085044705,90.6522654372328,2
916.426675814888,62.8554158243941,193.707967083227,4.23047579389254,208.794905692891,5.32266421858744,-0.0333733001801252,-0.000103140142882985,47.4412411078993,2
915.046637230069,47.5999417941127,189.818049449959,5.81222628132451,215.488256555403,7.25353905955856,-0.0217971965566442,-0.000273889140451974,72.3166195293112,2
918.270578477491,75.403727387988,210.906633912336,2.89855765818891,232.795755118849,3.70706753089378,-0.0488104364581056,-7.08539355372804e-05,35.9693705602628,2
918.159388321023,66.3351474040624,172.513798774684,4.21005852535451,210.291097968858,5.22037955494958,-0.0035284185015216,-0.000218158643698269,13.8699288804048,2
920.799508681822,75.3112067731683,190.866256116766,2.92711887764665,199.621838995639,3.76308523804712,-0.0561546129177813,0.00058046300319754,35.800853606192,2
918.294987780703,74.9487004919774,239.508433943384,3.02161855418108,273.394479527749,3.79839455106434,-0.0245295728580997,-0.000117985871835199,27.492620072512,2
920.13079459673,63.1687840706554,32.6168290258901,4.45713362328236,51.2892619091627,5.73621664247535,-0.0885454267974708,-0.00020474971121815,45.2336116364918,2
913.627528314613,79.4758885383259,180.494133336417,2.54242304775991,187.903883988848,3.25295524500896,-0.0422921963012547,0.000124940483434773,12.7509562360145,2
916.046636463417,88.7869511241495,175.99770030747,1.33402944309335,112.801420808046,1.83724011555162,-0.0700986394417716,8.64477211084525e-05,7.36700939339728,2
917.965754419569,67.1614370258056,198.411743688507,3.62315560885505,210.79254287249,4.64683060892143,-0.0650884304789831,-0.00014021378265888,62.286272621318,2
918.676881397622,49.4799442332053,24.841929939521,5.91869571738907,60.0730559583003,7.5142588786253,-0.0759256846116821,-0.000615332622959275,65.1799400207716,2
919.053786895055,72.9782659975468,166.008971260206,3.22640931932043,198.89428027586,4.14988425729275,-0.0648381229831594,-9.64818787756488e-05,41.9625558345935,2
912.975053609479,65.5482530730843,139.9289046383,3.91850672209111,183.981392767107,5.03640745224969,-0.0776157086096734,-0.000406362158609639,60.8414986356117,2
917.195151659242,75.5443231685707,173.505061793069,2.8091166245516,194.496743309487,3.67232600339596,-0.0802628648797304,-2.34072618528508e-05,48.5772363430064,2
921.140880322066,71.596373271661,214.264270044807,3.33022649243474,173.378897553606,4.17358312096633,-0.0146967970391279,-0.000235430114109547,17.1257950212557,2
918.720261107511,69.0779589456967,160.316919903378,3.75625049062206,198.389102538414,4.75511330839402,-0.0438917863327072,-0.000239021173983907,34.1043225686469,2
914.949233903604,73.8674908310607,188.207070762039,2.9475375253554,186.595447870065,3.80385680795924,-0.0616226621332018,-6.88791743656928e-05,40.9901403175961,2
916.781207015185,76.5001504737899,186.402974071981,2.74854863529153,190.198057257932,3.54906952346491,-0.0587654582516733,-5.68700116040572e-06,33.1144124820602,2
916.500457426281,58.3840991670746,174.41687816166,4.68310910958869,194.989158962937,5.90868084979467,-0.0441444625188733,-0.00023792566092005,60.4840965454249,2
916.512998447125,53.8297633821611,205.812602790533,4.98260746158501,226.091898647197,6.29871782659483,-0.0447332934961897,9.99983787807012,84.4980220812928,2
917.249151914874,79.699779286875,52.7901289342266,2.65418612568117,68.6063938348596,3.53432512906531,-0.102163400190582,0.000231238591171393,23.2355668783563,2
919.181700611575,50.816953543504,37.8300891417733,5.68391680950431,63.8806813365347,7.24382903245731,-0.0836594529770326,-0.000420536816287581,70.8029114210087,2
915.599313782954,57.4037100492067,143.534350661765,4.67971560404638,173.977995054796,5.99181400979761,-0.0812054462915281,-0.000489921677997053,82.0387136139543,2
917.47695337359,48.7232077250634,204.041920459523,5.41839894848116,183.173083735108,6.83735655449847,-0.0474716130329789,-0.000635374256693714,89.8998135152367,2
920.830308818145,60.9159629149797,214.523777352908,4.39860846118871,239.284771995375,5.54271565630376,-0.0390542179248419,-0.000351374708232221,62.4737038303495,2
919.899877002398,44.328038974034,205.498265618994,6.05698702639335,214.765833253828,7.58692231375205,0.176589489645388,293.001523766639,91.1919778728363,2
915.131930983685,84.3923788687185,203.606124021908,1.79373109382509,212.596020205872,2.41461121244922,-0.0796890406118275,-4.11232457745714e-05,35.4789831704059,2
918.403759588588,60.892457347642,189.298880125144,4.73202676432845,195.600911243822,5.82332742059327,0.0176192109529015,6.87483486662357e-06,13.1573277811377,2
916.034645431078,51.788338588188,199.922324864858,5.18626312392045,220.085731834681,6.55468367420154,-0.0532999034310526,-0.000317753373580993,88.4614735218878,2
915.657338164421,72.1202210191167,165.290626432147,3.14173448717535,179.005935633564,4.08271163831049,-0.0787721978003185,0.000205383337805476,52.3270635301648,2
919.029427839756,60.9953432116946,182.190034685462,4.59579128193057,191.506466692337,5.72269648503601,-0.0109344772737164,0.000167522062906713,32.1453913957613,2
916.475551972319,71.2530253304035,102.30837144693,3.14859892549136,49.0946623038821,4.15591981560361,-0.0995162464111827,-6.20988982381559e-05,49.0217064241243,2
924.088325012419,56.008334887421,222.417627053936,4.76271425645175,239.688714938907,6.04647855522335,0.0399511451620928,139.999697368317,90.6849815597327,2
917.749176644312,66.4416621364012,157.017237466579,4.02434393230664,180.888838603226,5.07053011486284,-0.0355775928951899,-0.000250548028542715,32.0851155441231,2
919.276293441444,49.4639923388671,280.928403248747,5.31067273267227,274.78163609659,6.63832715440905,0.0282996016573125,69.9995251445121,90.7412574229332,2
911.62473171312,48.4539994757334,190.125701695399,5.53352907552619,217.683563985257,6.97351356126791,-0.0491074187600621,-0.000374672202732012,90.126292255472,2
916.260576744054,51.8705638863691,134.347525021778,5.28742826672654,172.26951138439,6.73965588996274,-0.079546342842237,-0.000701678480379928,91.2176550198918,2
908.209273790113,39.4712479366508,161.12428659536,6.7742673458692,187.747575301501,8.47555295472925,2.16548832529381,3079.00035138479,89.5781450277024,2
917.620336441915,84.5284977086911,204.010081329541,2.04785961583488,242.493492318444,2.65513122018087,-0.0514631597689884,-0.000124413927420654,16.6945666366791,2
920.120752633456,73.8507263324747,46.6588562605429,3.34867900058546,64.8263927298901,4.36907701141128,-0.091473831103733,0.000722256506769991,27.301391227405,2
915.457213006694,59.6075320822359,162.111139154088,4.48953165623589,180.792804555721,5.7093782441443,-0.0608310698803902,-0.00013466849786776,66.4661214869296,2
922.893308711894,63.1477400886615,183.598823615701,4.41674618720281,198.500695032639,5.51012473794714,-0.0153385942664439,2.92622526007243e-05,31.7386549754471,2
921.596489359858,44.7945484591675,192.080946710898,6.15598505220667,200.212482710701,7.67812546313578,0.264052313172179,397.000174527829,77.101466236113,2
917.302702972886,44.9433808892168,153.778110669285,6.06422944846164,78.0134924573541,7.56514752016433,0.516326075215275,740.000018056451,55.8520593104101,2
923.448236294711,41.9339984294444,130.951600425077,6.60884781455538,163.066750651261,8.26814024391962,-0.0263647227763936,9.99919396057483,79.3342966485176,2
915.501126355045,68.8002185119327,177.399629357103,3.53809612879158,195.700244880343,4.53084957047738,-0.0612579107505875,4.98399738234848e-05,50.3594132483703,2
918.9881203889,38.0545274536203,214.405610976439,6.82827987554522,222.461023607369,8.45160868293781,0.0339088758646838,40.0014863830592,79.6429502926974,2
918.929397913274,76.6200348746655,343.389978870901,1.9847044144439,147.806423823835,2.54398565587173,-0.0167912671559805,0.000171947956349218,32.2657519534697,2
917.477739076732,69.6495317221279,176.173625899152,3.46227560286874,184.017071654563,4.44484394901053,0.129245880343132,270.000365535635,49.3916122879299,2
922.197948093249,42.3202298805984,195.393993130235,6.37787501077051,208.503980444431,7.95234725816111,-0.019625878328526,0.000111002794216113,84.0707270540314,2
917.056279354546,64.1730304886163,220.008069564863,4.23731352356007,229.994806899201,5.23746555655498,0.00588312373884414,-0.00013316251560535,22.5715848601409,2
920.466274029903,41.129603738977,185.311454218744,6.63364342114474,203.292613844247,8.22286705180087,0.0635293384519824,89.9997713489834,70.3265447175026,2
915.579473221219,43.8450091061345,249.238171984843,6.25982617194966,289.739049575002,7.78622157496322,1.76836710419065,2495.00011655115,90.3857799497376,2
917.88138135096,72.4993794240609,63.8040439079131,3.26032140037838,84.7614773331991,4.32179856703756,-0.0675217288041653,70.0015794086258,53.6937850376068,2
918.052302410633,73.8666010032237,198.916180137246,3.08081669807315,175.289527150348,3.8956976993722,-0.0292328963526153,-0.000238127350712089,19.2735542700825,2
914.075787324177,68.4934427625522,179.994650563099,3.48773602675482,200.203458345762,4.49293138411657,-0.0715884253156951,0.000136875971054171,59.2022106735212,2
914.791364575218,74.9041216473501,175.51312469946,2.72801118207604,153.791519148474,3.58029618606638,-0.079944430545148,-0.000152774750269314,47.529008425639,2
920.304302972622,60.3735418184766,277.831206769138,4.87674509282863,257.378889937885,6.04311210372296,4.96799337901394,6949.99655117675,43.6818396054078,2
923.776378609729,64.7403390180583,126.414951887791,4.15106903348868,63.7905042880712,5.24217998319574,-0.0337848131581731,-0.000213677233821348,22.2107412226531,2
917.28676247265,48.1885322249834,168.953370594474,6.06507119631083,184.629892621357,7.46809861255243,0.0200921906915403,0.000729774723792197,34.6337223084785,2
916.438430218538,78.1792734121023,182.487016548944,2.55856239000675,191.608453971197,3.33244434936349,-0.0670852275646984,0.000256334871042816,34.690789089588,2
913.761689455774,69.2858960115427,139.61292228797,3.71528340238663,188.491544525107,4.72501658540596,-0.0534338896805086,-0.000169401551838874,35.1793151786052,2
929.188597331765,51.1187069470688,107.744561107273,6.22565088353313,152.571155478029,7.648577617257,0.0251946205383254,-0.000731520942585171,11.4049119872243,2
913.614506160997,82.8264075747025,206.377968779486,1.95574485174374,165.08169908593,2.5570677823218,-0.0509569077227651,-6.55260486269305e-05,15.6209588493425,2
913.489227997313,51.104749971181,169.300254895634,5.37360293885444,192.299820499015,6.76743766562853,-0.0454610512951673,2.8349868518783e-05,76.0504386074877,2
918.18578183276,52.8232277137049,203.53885023888,5.21830807695876,189.775005582664,6.52285881544487,0.150843480333201,239.999285552083,61.4357650283397,2
916.003123955005,50.0923547147156,212.239745271757,5.45491852888048,232.474396594272,6.82791785223386,-0.0285154461043612,-0.000614917129596804,77.3871855653216,2
915.618854696708,77.7546943526184,35.0936461813902,2.86386237117836,50.204146399056,3.8012115910672,-0.104961374281825,0.000177171732928765,24.700524463665,2
913.310053299417,57.476231621263,215.010287799936,4.4970485943476,224.393488764315,5.71223540977042,-0.0573324880466395,-0.000122427581050042,81.7841348915657,2
918.553349790025,51.39636018808,78.1125347202969,5.72341926800926,91.4920106723011,7.18627016724433,0.0187499166788383,79.9998012402522,46.2475578529931,2
919.118820342538,83.9838175210144,246.993527557195,1.31648210643445,63.3040739554818,1.83556086429988,-0.0675697755743809,0.000151046980494827,28.2812014184778,2
918.080879831915,43.6213474575648,164.982506027604,6.20261847023856,186.811057141654,7.79053994332506,0.135199880697854,250.000195377686,90.4060536281279,2
913.290129346953,62.5943809773566,178.769429843252,4.21073532759536,189.719778190823,5.3178496244735,-0.0411398108143613,0.000518842226275954,49.1355170561298,2
918.186962908403,43.9738197328779,185.87049507803,6.11468533679549,196.819080508464,7.65943742335954,-0.0261222744516844,10.0004909648186,87.2271190484486,2
917.488019521431,71.8394264186741,219.516369449509,3.62323173087913,202.388484935577,4.7350417630754,7.73744440183116,10969.9967675753,75.5102897835352,2
920.376091628515,79.3847020047066,205.008132561076,2.46215651013446,233.69475511929,3.21028401645969,-0.0677661252503662,-8.15264854464039e-05,40.0517155239684,2
916.268330986964,58.7691325089609,175.01086609848,4.88255405629982,182.393116007328,6.04330094466122,0.00371359548983964,-0.000175385944675817,24.0649873048649,2
918.291729637839,60.3300648566532,191.034879091217,4.75251995345542,199.442039024879,5.86207915654779,0.0119021155381198,0.00103319245174431,19.1457935257683,2
919.81284764221,53.1399288244269,94.5364980493138,5.3341579686643,85.2765541805731,6.75754581906441,-0.0586882021344928,-0.000540853604511772,60.382133994421,2
913.334890123292,41.4721559788831,213.249001035649,6.34026508148608,220.59762055434,7.88952044787305,0.166183905559823,250.002319154048,83.8707914763559,2
916.395884774504,73.00336980966,175.901433849371,3.28310200016687,186.399112519363,4.14918876293949,-0.0334173470777391,1.31130055375231e-06,19.9618497238877,2
921.521784298477,76.2610908261324,195.785748189914,2.98068742687997,213.509124542009,3.7728570115544,-0.0335004310093525,0.000251334566892764,19.0597970563542,2
908.766385885156,43.1212326699599,173.881641791396,6.18423541752837,212.475589595867,7.75536497370576,0.245965872747243,400.001760489969,91.0034145288512,2
916.431663597299,46.5481945034293,51.9482364278054,6.19898052219127,68.4331109296612,7.80016934887624,-0.0487261435138936,0.000860377184515272,57.6268129064483,2
917.035467623102,79.3901922304455,218.808329134907,2.35074918592912,215.694611386881,3.05553489159952,-0.058017691344702,-9.17923741936809e-05,34.3120974773716,2
917.035784501795,46.6230060556047,179.228795941936,5.80094704028133,194.981632467058,7.30029198995658,-0.0460591095211782,-0.000425799908464665,89.0703990564104,2
917.197488724596,59.5423778279646,191.384019384022,4.81632120996607,198.21049395311,5.93931553125108,0.0128172647242532,0.000247945500942271,20.0958873653588,2
917.672205303072,65.6130265955942,85.9093403261388,4.21503187090739,90.5938454324885,5.3405239178894,-0.047730857223516,-0.000116281719485825,22.9441991920314,2
917.767963238251,66.0811842033048,129.927900088694,4.10737844760135,176.18202542633,5.20950960694289,-0.0525128325526844,-0.000408400332957222,39.410142069859,2
917.975647221861,51.0206168298216,124.342349675687,5.35881708819671,144.072784716293,6.83976635447236,-0.0827070982583481,-0.000617193474280307,91.9305467164055,2
916.299016042789,63.212557309434,68.9072707093906,4.39934397853292,79.295467300479,5.61112733439415,-0.0656736144887132,-6.7933321317121e-05,37.059594262761,2
917.30427933257,75.3430092571086,190.115590141447,2.75439960351514,215.589996542924,3.61755220473083,-0.0860853096902101,-0.000187238747584789,57.9221859135329,2
918.011875338353,74.0737561377024,161.827445559231,3.0571631380501,183.54612660584,3.95682170707858,-0.0707783143428782,0.00120535208266918,41.9890078610134,2
911.390362477086,66.8417049566087,66.2202632833153,3.84031448485564,78.086915385577,4.98339108519741,-0.0928871963740569,-0.000257662005126671,47.6393060760143,2
915.869496663585,47.8806240720525,204.717168768597,5.75369293235928,224.088932755582,7.17257918653002,-0.017759158440934,-0.000261790975218617,72.4047419808012,2
921.06750497189,64.3347319424289,36.1145517257503,4.48513926161136,57.1907374574503,5.71353183056445,-0.0649825936990298,-0.000185147372351721,26.6202939030418,2
913.00541639465,58.171818515616,217.222040246611,4.49000274357001,239.685888986869,5.68463577766882,-0.0506989257739744,-0.000315285502885714,76.7012118779132,2
914.643999473681,55.2786735645382,191.095272232019,4.74289220207248,199.603106050954,6.05420934665235,0.19881014971114,379.999962364169,91.4829062841547,2
915.751146718801,77.6878070613263,53.0860932314917,2.85193688991374,72.7090446059395,3.77432663871491,-0.100361944489803,0.000294887398456587,26.5094734081002,2
917.254143459723,57.3065536591149,185.247726699433,5.01697800668419,191.333841204484,6.20361835901007,0.00645741884306444,0.000832376630494895,28.0538392734893,2
917.663931689719,56.5758017167947,199.312268772327,4.7377335953406,211.792094718602,5.99285626898552,-0.0502363478047393,-0.000160162579400556,75.1776500833016,2
912.97514871157,47.0353675152168,190.201741527889,5.6593837812192,202.598980225671,7.12871593226851,-0.0473925612299528,6.95194331741381e-06,91.3319179747268,2
912.324950558776,74.3363429994784,164.391516321525,3.00114174331597,182.805457058355,3.86474771270121,-0.0611142472242954,0.000179307124577915,34.1478178368262,2
924.125625379624,62.177733231889,111.811601747393,4.73463080655555,118.992421433788,5.90777680514551,-0.0160796079762903,-0.000174820448910176,15.2272791623468,2
918.660093551809,49.1610596929637,200.410090948662,5.61268020312805,222.093402854014,7.02641709781698,-0.0298426335276717,-0.000140746455570417,77.7150548534245,2
921.737718800539,54.0310072539228,305.921079192527,5.2385173420362,275.586313347502,6.34770509423444,0.0637986553692043,-0.000383540075404024,23.7009581803459,2
915.006334674658,72.632681166042,162.008037605516,3.19554910536209,190.794801712459,4.11996615489959,-0.0679242538489055,-8.00174375338884e-05,43.2016606945844,2
918.293463775079,64.9424288196843,140.602238402474,3.96840340554302,90.5985701234151,5.04759473482613,-0.0481392204350884,-1.20990991625919e-06,36.0431383466247,2
918.43143528307,64.7869705427477,188.279100814949,4.27273843325705,209.71345183029,5.30124756054315,-0.00336582168529271,0.000336394073338185,20.4299872048418,2
919.084832244023,56.2179649409828,21.7018719281598,5.29912910026815,40.5989208055862,6.72186871096412,-0.0644160418790781,1.72630534665919e-05,40.0819622741291,2
914.371589740936,59.8172239348036,175.296155266336,4.355767537469,187.802581001127,5.56226508355289,-0.0680384616016012,0.000111051189322031,74.2438605718646,2
920.08850502625,61.3279842824792,236.707282741735,4.36028486035791,187.995278580484,5.3973890596429,0.00808291588145738,-0.000122454776780597,28.650650868654,2
918.940768107897,60.6419831102433,147.823621331405,4.41836268190916,62.8848746626181,5.55667250877346,-0.0247753711662097,-0.000359087006053476,28.5034716161209,2
918.128214292357,72.5948749773885,206.210798172187,3.20036731082198,242.79302469493,4.08817867521318,-0.0529985000469694,-0.000134822333600087,44.8656305268773,2
916.151586278607,75.9072031455902,138.582176968584,3.1471739013113,161.611309453717,4.07009446583136,2.05788319529843,2980.99945006199,30.905679399506,2
918.739927382898,73.4936399209216,36.3137537963611,3.36807758744382,46.691277979334,4.39991809900186,-0.0935814975371673,-0.000151692002733268,26.2889879128624,2
917.479701808558,64.8351895607344,161.834085030818,4.13770762311299,139.778016694665,5.18204990700255,-0.0194102751126562,-0.000531175929992773,22.4291900670916,2
914.846426982544,72.6029827106368,89.8182441744255,3.29254635232626,59.0882707793615,4.24670407037299,-0.0652165176013301,-0.000244741708702791,18.8061018635604,2
921.822991003428,54.4967304924671,215.212458241287,5.48796896904433,242.491830774204,6.70628425070641,0.0382098584805748,-0.000227711739742515,20.7987471154099,2
918.270583390758,82.3088888219806,211.596347216515,1.86247650726419,88.9022827183121,2.44845216353832,-0.0465252755282221,9.11158282713107e-05,10.7551242554183,2
916.354995151837,62.8270563152379,184.781226102263,4.51275224425361,201.212008208695,5.5684302919507,0.00967774168115407,0.000292456858310231,13.8034682264366,2
918.767748553172,52.4245580533269,201.007533415814,5.57355975208331,214.895111330054,6.85361677083453,0.0223493704035502,-0.00013672571076782,32.0910484298077,2
918.811005854994,71.792421404063,174.045216914676,3.24200388297468,185.335239258113,4.18059087649103,-0.0676029712650956,0.000923695628262468,47.4514330055348,2
915.787273777778,65.1953988338833,181.450146441502,4.1977310933019,187.432380508856,5.20542978736463,-0.000801827056711384,0.000799715883028079,14.6367682861836,2
913.826339427918,52.31682277481,175.201372409988,5.36929572805408,181.999264667606,6.69403481648718,-0.0158072738929938,-9.37364848310585e-06,52.3711345581099,2
921.980786491933,55.1702272749583,85.0405636044892,4.99776488106706,94.7739399964411,6.45685376044304,0.319999388683829,599.999151679385,90.8980627289222,2
915.20637981339,66.5039168065356,48.8979814166107,4.01973583953384,59.901466821664,5.18672192920333,-0.0848811602173329,9.44410162076734e-05,38.3961338600903,2
917.050886660015,52.5133810655241,173.816581795084,5.15040072772717,200.989168879097,6.54212787984714,-0.0671411399687674,-0.000218237066048607,90.6046794671505,2
917.399642408328,74.0508988915218,182.10015617284,3.06639245707994,201.099932555365,3.93239553250191,-0.0556819926442966,3.76525335705264e-05,36.130021199673,2
914.628969829571,49.2774592203208,178.893638188108,5.52603790220642,190.204197130168,6.95021231237674,-0.0418326622866488,0.000132477675291841,79.4502765743794,2
909.055670634973,47.9466098651505,147.670682484723,5.64058871588053,183.11866693965,7.14352318029816,0.170489103450108,330.000459301025,91.8490448028449,2
917.144636875268,63.1394655675825,186.312063341442,4.28966826883222,197.692271543335,5.37011742345809,-0.0222927147653199,-0.000176515308829644,36.6471132838571,2
918.850480894536,47.4083032080508,260.230372596798,5.77731948575549,287.180355098848,7.15779955218807,-0.000203034248961164,-0.000486030049579956,76.0641519719071,2
915.794857527229,59.6911490353238,79.0678755481076,4.94416284855616,88.3208450647094,6.18533444895666,-0.0236185551763461,0.000531691258989824,16.7429173100693,2
923.546026511773,54.4701385171671,54.4285246693714,5.61493516827521,87.6815851028132,7.04346144317085,-0.0367414878717262,-0.000429995528113606,33.7612590441205,2
918.442834976241,69.9195767742984,149.51606803094,3.42615627141199,155.489674152161,4.43530387246552,-0.0780496369769623,-0.000200753639599202,52.4229577678619,2
920.460599752607,48.9236043547213,127.643760937536,6.22208015663374,156.871664207445,7.85513262672459,4.70388717664014,6669.99858757769,79.3640993026165,2
913.738705215375,44.4169395523595,185.562908082364,6.22128240866129,197.223782703044,7.72336390160925,0.380683065863133,540.000383843399,64.8473400435975,2
915.547247509045,70.7418341803972,121.717975722506,3.43951224521906,165.28845302922,4.46778639886247,-0.0880283251027094,-0.00022403795618089,52.385656142609,2
912.592041367457,68.7712577978603,123.219681262713,3.64551803069048,175.287278597152,4.70782984790701,-0.0824282577937475,-0.000255945593016402,53.2085375999175,2
914.80460957558,40.7846636242043,274.248614459966,6.66501770989787,262.968076759876,8.27422643455425,4.39705974126629,6159.99732237347,91.3041856742178,2
914.740455846651,65.0872096985089,172.358965815804,3.98057373899137,187.02633851871,5.04604822828427,-0.0470909281082117,0.000688861731458882,46.6414707712562,2
917.336235454162,60.7169939077987,179.908155120392,4.30235972094333,198.49482497913,5.49565095666852,-0.0684235182139894,-8.07096488794168e-05,74.4512738115279,2
913.08348750779,63.7720264689289,172.568184102088,4.11469429995453,183.72045794068,5.19828024470882,-0.0409516185404533,0.000537593014701095,44.7344138115266,2
919.466464712433,62.7034782894829,294.218098409146,4.00428901819223,232.788217802542,4.95673970363361,0.00890924753506558,-0.000296719636417496,39.3267400393182,2
923.520322611888,52.6686127463807,307.427114095923,5.41467893430565,282.882567386233,6.56016700493528,0.0657412865808902,-0.000480213985065076,26.2588476230899,2
917.463706859176,44.5706436338649,215.478436813402,5.96508899855673,225.414003990367,7.46718101073124,-0.030375241984224,0.000367390372977003,91.448324526986,2
921.63472144763,58.5990989782256,80.632486360788,4.99370018620877,58.7791728004812,6.27169140900361,-0.0311437586394751,-0.00049616172557609,23.9761767680816,2
917.437455101672,69.60216790653,197.687278241566,3.28187531892507,214.608200408288,4.2688548900467,-0.0842039301910162,0.000263697898335806,70.8216376465969,2
915.284987027703,79.0878699967032,212.408565198261,2.36899983690774,189.794546143629,3.06589409459147,-0.0511750181381708,-9.97385112204668e-05,26.9619516654226,2
913.455719166276,38.493679613766,190.33697748529,6.72565270067463,201.440749124734,8.35516326138127,-0.00769070627916929,0.00101419675953694,81.3584596606353,2
921.230234512199,58.821257154712,180.779523495259,4.88551994758683,190.413196571658,6.06302816382452,-0.00313859128728435,0.000329617325338674,31.2004998957801,2
917.603036877768,55.5751734879028,201.129668365368,4.75538699467315,222.780994412182,6.05345658591324,-0.0671008020732871,-0.000425315649181612,90.7120750799368,2
914.44572966204,79.5206118014645,174.384466344183,2.48274963276517,190.810017062881,3.22234028570965,-0.0610690941667644,0.00029212492275933,25.3675688723077,2
920.825384960973,43.0786510223879,209.614899597172,6.35971929237498,217.490269745025,7.95620077017188,1.84865108515607,2629.99878785357,92.1226050654087,2
921.469398161209,60.9605386829211,200.489897545326,4.76370754305398,211.206385564,5.85080696996008,0.0221060882756631,0.000144636250169178,13.3061561195745,2
915.219566680881,70.2246895289168,74.5274533907955,3.70686806687887,95.2824277882908,4.7511349612855,-0.0660180515728626,-0.000390629590076994,23.6788514105317,2
916.821253997793,80.874025922421,193.802890133724,2.24783886165836,218.698068949927,2.98336770255468,0.29510812226704,529.99979919168,44.3846148063695,2
912.440827230584,57.9097371251719,123.720095688954,4.65795297803205,133.787014974206,5.94645060349942,-0.0717475478272412,-0.00027019022300829,67.2291185002357,2
910.276144617419,50.5519243326018,159.556738605824,6.5474076630976,187.990697170301,8.29776667457271,12.5697768658263,17703.9997563961,89.8038669893509,2
914.835138996412,48.2521833472032,183.60856949672,5.63928533841428,192.994611576374,7.07819459252769,-0.0365130333310751,-0.000109734851845379,79.0015793656672,2
910.513802454531,49.2181440648438,174.640811350953,5.43983893244175,192.738014920166,6.8724862317313,-0.0545175081103907,0.000984227398396999,87.6154475147154,2
919.320275038777,70.5435791767871,119.427055643055,3.70564016644533,158.682500421185,4.71301510959802,-0.0525399109117498,-0.000395460029837843,26.5293143313217,2
916.615665250575,69.1101421902576,195.008311236916,3.67271987548132,207.994686090468,4.60591101978347,-0.0227356382137384,-0.000116241080621085,26.0217278810141,2
916.661556597621,69.8087492399019,302.113006108243,3.45404115733499,292.791546548281,4.23366277315012,0.0211308365173646,-0.000223664662847578,19.3791443461907,2
912.872596036289,40.7735356426632,170.971677360678,6.46747952067752,204.117962121646,8.09263995110927,-0.0192344442862038,20.0004641460215,91.2408262757765,2
916.200941986342,80.1775807294053,48.6167716086265,2.54893665958195,99.7892847678052,3.45903784690987,-0.128219809710223,-0.000175541215871851,42.0135960360924,2
918.397834193485,64.01154991606,195.793977981911,4.34872972326371,205.003930117761,5.37454025788424,0.00640197677000936,9.21044337940563e-05,16.2910507973892,2
917.991233020546,60.3900743737711,187.5029381235,4.64936157653481,207.598054917537,5.78823671973173,-0.0115447175554346,-3.91384697456615e-05,35.8345186272147,2
917.527984720422,77.6086360855835,150.703974376233,2.81185569301034,206.997297998929,3.65292207796146,-0.0739947573869846,-1.17340566752374e-05,35.4964923872047,2
914.013437491743,47.5405825707255,319.918480064165,5.56129162179559,229.88750875362,6.95070795053869,4.22123723361236,5929.99813063665,92.170568739869,2
914.764317631202,53.9912516312843,210.835993076167,4.69015491992219,142.476874109017,5.9598347029529,-0.0537071292661726,-0.000536393189194584,81.4514390267445,2
915.569697819307,76.5416713583982,188.410351139822,2.76049190603066,173.793381780845,3.53245034467141,-0.0440874496198922,-0.000133478454258747,21.6246018447549,2
919.142988765934,41.3158280870262,192.152850945025,6.35920483571607,108.665552121089,7.96888968132971,1.95138379383097,2769.99794067986,83.8888368819189,2
920.335259785537,73.5836784800708,173.067739782838,3.20040335583237,180.720930544091,4.07901772177801,-0.0465646035097804,0.000550275523219678,27.8327259250313,2
918.016339604329,59.2005430367609,175.59447981502,4.58110380153889,188.10359190865,5.79070040781284,-0.0469340426678436,0.000122148923921206,60.731840252159,2
923.395545093629,58.0482176068397,69.7674879033016,5.13884662943546,86.6209103048799,6.47038093673767,-0.0423892822662672,0.000549783835104191,33.0033897170241,2
918.307912908822,76.2842384368015,126.314253255411,3.11380003217824,168.990742483498,3.98039048290815,-0.0533329522297645,-0.000190286072774244,16.2409196379491,2
918.739099506444,53.8816770604526,184.096852818496,5.40321791404809,195.101965981808,6.67437776927704,0.00937642824531928,4.3080146822135e-05,33.6958188429295,2
919.396865712589,37.4718990913627,311.428077263475,6.54441267261963,133.88169108035,7.96183532157182,0.3005818222995,309.999527423146,41.8016596230475,2
916.744040872375,49.423008034783,171.684761667599,5.5922854292344,199.809501413239,7.03425134605381,-0.0298475418695682,20.0002623227796,80.129831125826,2
916.404991628141,76.4452279399037,206.68814736217,2.85643083511492,215.307685097236,3.61460809094391,-0.0309479960483673,0.000212043935976328,18.5126545866102,2
914.324275204597,51.913460984731,178.974814012656,5.44819601689572,188.916306161574,6.77545744008977,-0.00929747743948176,0.000409944163827979,49.7532952042183,2
915.38508119969,65.6739114772201,174.428908660272,3.9831460122146,219.881409763346,5.05105284065222,-0.0506208086618059,-0.000425592220321928,50.3214028038021,2
917.248699460877,40.332552034857,171.228622208889,6.59460335843665,190.045489830731,8.2241147100859,-0.0213999773873779,0.00115220060036065,83.1500356925743,2
912.492959142642,46.7630943966728,61.3717417460746,5.99841172177576,73.4181615156445,7.60230032369236,0.21636325971713,400.000368038684,73.7896082618383,2
914.462286304814,73.9668341602815,176.889033914425,3.17086281155068,194.407073997509,4.01240323720255,-0.035034226487428,0.000200463270933347,19.4341537048111,2
915.983476828829,48.9940716618064,187.268183894742,5.49116918619741,198.220470565039,6.93948653164887,0.201896915868796,360.000449734785,92.0743815314798,2
914.89874380214,58.8856950157463,190.134379619855,4.59268545085133,246.377785142429,5.81507375919267,-0.0550322922836475,-0.000510727605691768,73.3298375779209,2
914.200412848662,49.0422723194968,177.533964964798,5.50178986126482,203.378232799857,6.95208937106321,-0.0563747951542585,-0.000501626057268997,91.0182264863268,2
917.272973542935,70.3215033548883,183.709214298362,3.48579036559477,200.994086927884,4.42518905645193,-0.0442630560856224,-0.000115407796569863,36.3931185653854,2
918.953732812967,68.6917779076829,248.195256056281,3.08054866014068,59.7029656740004,3.90366975121988,-0.0178187895997785,8.78357297072961e-05,25.9736750473587,2
913.482446094472,68.3851975284734,181.00605898318,3.52851240862,190.796195025061,4.51748946404026,-0.0598797667684171,-5.31549689142652e-05,50.4881492039765,2
921.452022866258,38.2762857533128,196.983859794512,6.49984191278733,114.775001540344,8.13031446957228,-0.0221082774911645,0.00187390718851957,89.6718228251851,2
923.291685643444,43.628109829382,192.936868632555,5.97491716042461,87.2762920800121,7.4748334173759,-0.0180642509924515,-0.00057606213030715,72.6228111786297,2
916.686401279394,46.3469846210174,186.577575818751,5.93600498808826,192.514625596939,7.40229118820896,-0.0180629067703713,0.000372898022182645,70.5767132672397,2
912.266478393349,42.5952049721497,35.3408003160721,7.38391284123467,50.4728689697992,9.37452851567026,10.1529656266146,14341.996384853,86.8047577522571,2
916.29866760227,71.5280335737475,185.193748199575,3.27205616593984,200.004132739417,4.19119028003092,-0.0568810481520787,0.000141548815466264,43.0503938297442,2
913.658777743957,80.2144781046472,146.600435190848,2.35000661845911,145.299733474842,3.10427657932328,-0.0573006716356106,30.0000413500122,28.2605277259869,2
917.889893958055,76.8893530622885,154.103443857289,2.90325607967436,199.397781406698,3.74521245365239,-0.0642915264476867,-9.01539633114635e-06,30.3149364014278,2
915.924176685887,64.1296261812565,205.715666731262,3.7470175329901,220.289996272008,4.85430983331494,-0.0876207222533071,-0.000186952710288372,87.27202007493,2
918.375756011857,78.6314725863107,257.408263549527,2.5252600628906,277.394695623666,3.20424143692007,-0.0320856966384407,-0.000108961065480958,28.7417753416442,2
922.081705069098,46.7032399895656,285.740122267899,6.21841760809402,281.474044895215,7.50386339588905,0.085796324251149,-0.000703708327458147,20.1683748831466,2
919.733249104607,65.9016491286789,184.315977150117,3.66392167050517,81.2897970660632,4.66087907714684,-0.0395572813729141,-0.000226324437488439,36.2624774295366,2
916.010292505192,62.3884041399077,50.2101692934217,4.60850928785796,63.8935215287074,5.84330015109944,-0.0547144397493817,-0.000122772811978763,26.1242099068537,2
914.864634771574,54.2472920414438,164.512096582699,5.02974996644307,185.192283859363,6.36791819520102,-0.0563536593389653,-0.000152374751075525,75.7869611003413,2
916.074696604197,62.1223979551241,186.484989115214,4.41245630153477,191.809889673106,5.50169226193212,-0.0131870293499364,0.000251235541730812,31.8271601315974,2
923.676980039378,64.3640710911548,62.2738988896026,4.50668062584955,75.1168957763244,5.70079190598923,-0.0479064496030316,0.000452219546996815,20.8219657395721,2
916.253955302627,74.3202773900735,223.615621819446,3.14187056690278,240.089893717452,3.9190271564099,-0.0111648746769388,-0.000242082377333761,13.6927176660668,2
913.778876017942,98.2250286489138,192.673052259335,-0.0662616189786863,53.4171945576974,0.201501476736697,-0.104835074238001,0.000504451890851272,11.4521147475997,2
916.891551212137,52.8596285714707,130.240331982432,5.32824681106139,159.874076268195,6.73429880695033,-0.0556140084959453,-0.000604409214100082,70.0676977945627,2
917.329893134853,71.3418471682598,187.023874928934,3.390202685676,220.684656001569,4.31478063098754,-0.0490987675575628,-0.000346187022130426,39.4841395540903,2
920.925609242696,41.5673713786772,177.377610100879,6.4104397183524,192.614323294549,8.0296862645788,-0.035124005309141,0.000382220057456972,92.2783310865612,2
913.421166682231,57.0172126451829,221.926852626442,4.67189487239826,254.382751163688,5.88558861585224,-0.0414258029427838,-0.000399168477735005,74.3683518985232,2
916.23382692153,49.1026113337922,181.581711931028,5.52577083632843,191.01179226891,6.96008563691579,-0.0458905880496816,0.000325293213216084,83.5936051595966,2
917.228448611572,82.5825368363014,171.593729979079,2.22460208101612,204.304033282461,2.91693529889152,-0.0686082634136241,0.000149306218598099,24.6109884662628,2
917.070913898557,61.7527888568812,189.109991549851,4.4675643245421,197.49368162823,5.56622702436365,-0.0118936413568085,-0.000150211676920694,32.6937113351123,2
917.037912659195,47.3804041004153,162.210756867948,5.90326705368797,184.09288472672,7.3815936101568,-0.027733823824376,-0.000153647891846327,69.8865144777822,2
913.045832965843,50.0898438775189,174.301446022284,5.58898753946059,188.599100423318,6.96931216180304,-0.0176823528726341,-1.01860138632401e-05,58.791896024019,2
919.254349409344,79.259469680936,166.971224218321,2.61055540582398,183.718417813504,3.37281048033759,-0.0577853832168835,0.00050036569355315,22.1992423601982,2
924.411464082731,53.8760534886738,179.316429104527,5.58479329237149,201.589331076996,6.86875888428105,0.0210978967841085,-0.000278445581909923,25.2341286336928,2
914.941345756667,74.6627640880001,167.1859171689,2.94526190260621,180.709036459741,3.81147188902683,-0.0530170776382353,20.0002627823215,38.6999174963491,2
919.35880623616,61.2006084805072,77.6240333637106,4.80918231998853,96.0843064382258,6.04072859548906,-0.0338720039969529,-0.000361695455587438,21.4557623181773,2
914.445918506704,62.4323648499348,99.0198124892698,4.37934129967947,110.751688383585,5.57860331611029,-0.0383163806511163,34.0013152505637,44.3244107446409,2
923.73090696756,55.7266165470021,55.2236057022099,5.06713138807728,47.0849127594135,6.50659436446693,-0.0919648673340702,-0.00031049116477404,69.1032708317351,2
917.906143693403,51.3329435046559,218.997904262358,5.39952440083509,240.80133967055,6.73350610879176,-0.0179990997714542,4.63021833603225e-05,69.0570368716915,2
915.182767567886,73.6143746080445,148.312588286246,3.1792898506817,198.491795686418,4.10423764046501,-0.0716845908961642,-0.000150692502289293,41.4186266758051,2
923.439644173023,53.3235622289229,29.910149721787,5.78196817817311,60.6932524736057,7.25812796939891,-0.0396473201385653,-0.00013560754077189,31.8157683253045,2
921.173927601514,60.3763550976778,188.957910462944,4.72080371001441,197.327172848813,5.851633482969,-5.58003287436504e-05,0.000673345768727033,27.5690990738205,2
919.061522150713,55.5850598683736,201.516482159484,5.3230265852383,235.189387164429,6.53748660474508,0.0514203543085542,39.9996997497178,26.0037074492857,2
916.310624330359,68.6818642997606,67.5964402625953,3.73029253842976,79.0023431825642,4.84051185751556,-0.0901650520998448,0.000121885181020225,42.494568371271,2
921.568846321613,45.1768412390212,183.493183248372,6.19288111720705,193.20412002914,7.78354869504382,2.0557740405371,2939.99901415954,91.0921879443608,2
916.360491875477,81.4278979013369,54.9452394820794,2.30142811555828,91.5350347235958,3.18433491288768,-0.140231405690835,0.000973749658709185,48.8425099921021,2
915.080989003279,57.2015932867828,186.906586906577,4.52820166537065,201.59589074175,5.80075005933335,-0.0784681769845066,-4.79838406051984e-05,90.9387020693324,2
920.401671727232,48.9208152887858,133.436788214519,5.62749921065543,150.976235917956,7.14453187878189,-0.0707647480778182,-0.000537944385944492,90.4432854510219,2
922.265287401581,59.3359108308012,200.814501746038,4.99443215566295,222.990108361886,6.24008656705093,2.77140955019814,3909.99831614495,47.984584251563,2
917.953318079975,82.4250810665536,46.7818822317955,2.25552226296523,77.411666775999,3.11986037092753,-0.136560362226972,0.000387363142063077,41.6439107206406,2
921.19453144945,72.1736250060592,216.41537588146,3.25148142166582,171.389992388248,4.07908958482415,-0.0156239652192985,-0.000235458504227793,16.8526979958137,2
918.31439388343,52.3414051621527,209.629211199763,5.13911092683904,227.981296232125,6.49023073195922,-0.0506572971168811,-0.000429720906266803,88.0313812075582,2
918.302515076558,47.8262313749743,308.04108887843,5.12738861544199,184.437666700979,6.4163268660688,0.129578377996047,200.000875191749,88.3968432770603,2
920.065297307432,59.8996584204203,192.137068095934,4.82004493436616,201.740631113465,5.94372765639094,0.0126524201547548,0.000997682111015398,20.1289313338019,2
920.126035765461,64.1780392779466,50.4048575011657,4.4680168652886,61.9969921068917,5.67357492245803,-0.0563739682465309,-3.62659269117051e-05,23.7862915824503,2
918.054840505975,66.2833786352946,171.581440958806,3.80949405869614,180.312051798027,4.86945842101943,-0.0612696368629974,0.00034134855965904,54.1827332167631,2
920.38804786019,46.5367901217227,181.287546422077,6.23084815353932,193.708393119105,7.84655668488083,4.1062490072054,5820.00124314074,91.2195454508171,2
916.373123698342,82.3798729073651,197.975141198057,2.06138306360918,210.916010201187,2.73414705400381,-0.0749434578921094,0.000451006672072665,35.3842240963927,2
916.447867229691,76.0069633713817,137.721157071081,3.02375659174014,180.486397281337,3.89296281666934,-0.0633746391015691,-0.000292599065827489,26.9702775783109,2
917.335605895768,69.8345732195874,169.121913547435,3.63500573936144,174.485899920934,4.57747939448828,-0.0296322001623684,-0.000328937024862837,22.2714330820271,2
916.93744091405,41.6318245008402,150.423799829487,6.70871842597163,55.3838984928402,8.39072262973652,4.57885828487252,6439.99826058346,65.3791597220461,2
914.757363015065,71.6624744530252,69.1145217847098,3.44955608844092,61.4906628050729,4.46159207037978,-0.0756700890464626,-0.000177802616929405,24.4007750909878,2
921.313574945185,63.7969497780644,223.22941542575,4.04334834503571,184.981081179247,5.06956131114992,-0.0198335447686174,-0.000455756151531926,40.742153592391,2
916.211979375411,68.543297828012,189.562029100338,3.68941557406886,197.024581627942,4.64342045349229,-0.0291984085996873,0.000628895055969624,30.1946688895788,2
917.597451668777,60.318308742214,90.2349021198594,4.89277882831631,120.777550445267,6.12980725101226,-0.0289315388007569,-0.00053691614818707,23.6200253296703,2
919.830719903561,77.5265241911667,235.206583821614,2.48068553110194,222.795783517598,3.22260845708337,-0.0596580680456813,-6.23181398199036e-05,43.7693168378165,2
915.18972550127,59.3795326667451,168.783186648966,4.67215174489757,176.510940016731,5.84880959432614,-0.0238105507952351,0.000286727597015648,41.0451852244318,2
919.08179480715,58.7356612345822,42.4307620464322,4.5028974038823,31.8438497445684,5.91164430883983,-0.135074249519042,0.00119720081722498,89.804549040212,2
924.063717888515,55.5840406885446,212.315746409876,5.13562177609765,226.589866157761,6.37667816051115,-0.00504294682457419,-0.000248016285297731,48.7026028788872,2
921.420063341163,75.0621623115216,60.8932451948804,3.29704746574721,76.0044209184345,4.26176060200444,-0.0732655923627174,0.000161021434568014,15.0498662484981,2
919.684841808598,73.7036447703708,109.912005081116,2.92505778856599,83.6923166398935,3.90371247589682,-0.0551397544645057,79.9998551601337,56.8169736400256,2
917.338965751497,72.8462232789178,178.586897977526,3.16326547839218,183.708607133802,4.05380867683565,-0.0549699846601596,0.000250198072320626,36.5501910056961,2
919.682833589905,38.377134233263,212.354403002152,7.41457761552557,217.129184637502,9.23853895883848,7.35925591248426,10328.9990809085,91.6361571771171,2
922.73286594663,55.846651378672,59.92972423318,5.37465952956562,75.7809591663373,6.76326146982859,-0.0425076868254805,-0.00044381247129402,35.2521589407066,2
914.684351331604,76.0569351111899,44.7340688167333,3.03295840301133,54.3426422149235,3.98702572594394,-0.0945928410829227,0.00112308111839591,23.014138268825,2
916.465182717931,46.1729025848267,167.984391273079,5.9601361327687,182.909789057256,7.49489960960735,0.74451643008005,1105.00012446687,85.6090852589396,2
917.554704522104,69.7770372857827,228.01815151567,3.69843826423104,262.987823941544,4.74751522412308,3.86587033660263,5509.99822652507,66.7994754807252,2
918.194725006486,89.249664223741,225.501790379855,1.4110935721857,264.998832853669,1.9136336380072,-0.071441622738267,2.24208593996135e-05,26.5726317420604,2
916.654670980934,79.519331915354,18.4120348152993,2.81806877761897,66.3922578642291,3.74744981332804,-0.109169623700537,-0.000114119221629664,21.4872252723787,2
911.20905443869,60.3544504986405,218.320792481724,4.11913494167342,235.886677256604,5.27589845264011,-0.0714175222054006,-0.000280634125202715,86.7594970676069,2
918.46918422825,79.3681676919533,177.896945570505,2.50623914695367,187.602046573842,3.26215036265856,0.0351181045996374,140.000060143008,29.4551565780551,2
911.462602942291,43.8065461078423,292.850724278881,6.30553180522062,246.970439762786,7.84982307714988,5.94148874247123,8330.00757483131,90.2818673810479,2
915.278231342877,50.7161141562398,153.803639209172,5.59276534928635,185.297222881912,7.00069913033875,-0.0302879115340135,-4.01099351526665e-05,62.4676581486461,2
918.544095153964,64.8648822310381,177.119073450522,4.13919985803296,190.687784698513,5.19737951982605,-0.028211536840302,-0.000284092357576554,35.0070364068904,2
919.436102823248,66.6657608092513,170.784277705831,4.08637343540093,190.510071968333,5.09864862954679,-0.0149971982101553,0.000261592557102452,20.1576858501512,2
913.021846101448,52.1328098030861,174.792628112574,5.17191735420374,184.50480837812,6.53850523869847,-0.0530156767925622,0.000156301365877342,79.8990410267448,2
913.947452165504,81.6009988716419,120.894093151716,2.34854426584421,141.103826574873,3.10014104301126,-0.0797007739572861,0.000151671813656224,20.411354625679,2
916.224105000468,69.3175000790922,68.6123370620084,3.65060410773444,79.4921953044527,4.74678044301009,-0.0922182198520554,-0.000129982201545757,42.8069233218891,2
914.987137196476,66.5408417829206,172.690861491953,3.95459581805029,183.005988715142,4.96222705642438,-0.0253187180196178,0.00016506287214467,27.386269840542,2
916.004352846989,61.9396275104439,155.42577756323,4.32176144626684,191.383450582352,5.50279428151496,-0.0629773462092287,-0.000366493741135032,62.1567595398034,2
917.156386985694,43.1034147630368,210.98100358604,6.12835875311504,220.81244265548,7.6657672704979,-0.0287727432248444,0.000325984219812753,92.3115011446906,2
918.488034222145,41.248488216975,163.837980659901,6.90280872302835,198.175429746762,8.46925800794051,0.0339455886025191,-0.000632302403659685,39.8252474349823,2
917.058517850361,50.2397876819622,146.541374715261,5.36939793113478,150.473415526702,6.83210417323101,-0.0726811667645917,-0.000608764596420782,91.169131377121,2
921.226188538099,46.876730368645,231.124998928618,5.90455804894235,252.983777467354,7.33122650462331,-0.00622575608544071,-0.000396147301323133,73.9666378741169,2
915.155677430691,57.30476249435,186.170958664428,4.78475617698354,195.618812578465,6.00399734077498,-0.03042326544316,0.000486891187068885,55.1576123674165,2
918.651058796722,72.1596728094687,177.206455382202,3.33780137441431,197.295852463383,4.24663989089214,-0.0465574996383393,-6.97612301728614e-05,32.5992135478604,2
913.990718821153,47.516471670668,175.724871511064,5.69168563564448,185.348300603259,7.15793855954375,-0.042651907178821,0.00123067839117363,82.9524154417073,2
918.597235824763,65.5827199781771,115.028269805261,3.75311004278538,149.781921535527,4.95366881138861,-0.127441158511517,-0.000359533156626384,90.7098966871123,2
916.057890425477,77.7710407726466,198.104044668637,2.72322854288235,216.697336082599,3.49695756202277,0.591390507986591,899.999790649794,28.4562109015879,2
919.693422665816,67.4339312191122,206.312484748586,3.62460096510147,229.792004332288,4.64449186884227,-0.0643804967440203,-0.000153078845353907,64.0976827294799,2
917.762646018626,74.169173882475,213.416134138554,3.08633405742138,239.689639498265,3.90957188534511,-0.0366516545816142,-0.000231387137238108,30.6930212138016,2
915.065968553041,60.1179398222945,179.781007084725,4.50791275377605,194.512275270242,5.67421041966475,-0.0364716990901345,0.000330058304745678,51.9324312135151,2
916.95570413008,78.2467445153581,234.715093715015,2.54633277302725,249.99030824178,3.25677241361954,-0.0425916217296574,-0.000210514863724386,30.8415305092615,2
920.176000883281,53.3278048724207,60.0014865520226,5.17212541156649,41.1991783836953,6.65730340996541,-0.0995106233507463,4.86310471437494e-05,80.1513444398954,2
919.645916842796,72.8956815085214,241.618371472919,3.1435552060998,287.588136962409,3.99703080249671,-0.0452773468860463,-0.000261488010359204,48.6165822406524,2
915.351254357266,71.7544660233343,183.013253319112,3.28714829151111,207.69154762813,4.2009017716605,-0.0540424172160335,-0.000172445645092399,40.3585762716599,2
914.03890177968,73.1170716079,173.68687427616,3.12365131833575,181.108568795332,4.00197444901309,-0.0540501985338145,0.000249469411327433,33.7204582548905,2
924.212364356611,63.0003968079122,43.126519035697,4.5923974567494,61.78304908653,5.86071476003982,-0.0706482128879558,-0.000372215854985695,35.8073964648148,2
914.946871405834,67.2453752594576,191.907953031943,3.86071596945211,203.194978718918,4.83087452519354,-0.0192171643813597,-0.000112516345614664,26.4808659875084,2
916.32730952203,69.9522093657273,191.997614432672,3.24258519126481,201.401643434058,4.21784887196586,-0.0825748750939813,9.81551691942475e-05,66.7859422986127,2
919.646791099219,74.273771079051,227.018127514901,3.06658673111345,255.388358492873,3.88205190583599,-0.035586946895906,-0.00026398804225512,33.6158726368711,2
920.56600068405,65.4110369275611,191.214857945031,4.17399138584556,194.690305854675,5.18609511279621,-0.00476205505367503,-0.000235125909860794,20.0520693938972,2
915.568288811742,69.4798081482588,178.710837298516,3.50958116217513,182.993076416372,4.46611497736432,-0.0478234830440995,-0.00013850916590001,38.5852563989605,2
917.128181027092,43.5291545568229,174.156198881066,6.23867225434143,186.727999027512,7.83697808714771,1.02824554275478,1500.00050627291,91.7382717771796,2
918.886154038626,64.4477550631757,96.0387789498782,4.3228255825715,104.975092116844,5.47287475550032,-0.0475806132305562,-0.00058520703424244,28.4853789220639,2
921.72625373869,39.7323304773681,209.947915857296,7.61712669870371,172.171070651043,9.49409013731369,11.2694567755014,15800.0041269952,81.8759547373341,2
915.996103912921,52.1965236286136,177.815075793009,5.22584414482459,189.79045852987,6.59318282031105,-0.0481736856881525,-0.000205069449883449,77.5107237637326,2
913.605392503101,74.8147193010362,219.411841596248,2.84661153145244,229.292452453956,3.64291536527531,-0.0478357462239321,-0.000154361720522648,37.5465724656211,2
917.785207878087,75.6594098472509,85.8811343928349,2.79031415624333,42.8120287061597,3.71891585406105,-0.103413322381389,0.000374579040059495,38.4935177956972,2
917.337032440433,77.8695369493436,40.504197987868,2.97794466110364,96.697031601518,3.92688414232472,-0.102134894700038,3.81673042221801e-06,26.3974925774709,2
920.028580740045,71.0402771828273,92.6970211938193,3.31936645884688,66.6018330797834,4.35927219800124,-0.0984899958522043,0.000117422145963623,48.2161648679415,2
916.835998043834,79.5294089387805,96.2081834730616,2.56422726002723,134.694739653388,3.4259796748965,-0.105543285681733,-5.51447142993156e-05,38.7816797141042,2
918.64142220992,57.4335382585554,286.306171177547,4.81772058741447,312.195854735704,5.92195819661509,0.0189767018846008,-0.000113658310876303,46.5698404071791,2
916.616867063582,56.7080940575525,179.814791619825,4.74587986536303,203.190610757899,6.02457158484468,-0.0601670287265502,-0.000192197211755364,77.5004842709138,2
916.822948411438,55.4214764377465,51.7057834164975,5.4894830932392,71.8962630017911,6.86303792635165,0.0533220370107972,109.99987643467,20.928399930412,2
913.820100157736,64.2096250959426,166.041842300402,4.11484458487389,182.037083199629,5.19723763507612,-0.0408768279046106,0.000955739099042311,42.3584382108872,2
919.776376687833,64.673702027079,213.994236459807,4.17645673922493,232.103481164448,5.19600096992778,-0.00892624581670761,9.65831769314408e-05,31.4830042848379,2
919.862572711722,65.1126636074688,185.53653340963,4.1853823794479,215.176467467586,5.23456837285377,-0.0142062472269437,9.99943335482063,32.7525546664281,2
918.72861432473,50.4902026405276,52.0244161575644,5.88900194174981,61.1844347732974,7.38950382550947,-0.0371545442188084,-0.000362324284365475,40.2942064538752,2
915.113870016445,60.7160316884484,168.029371568566,4.58956151174145,186.181176122351,5.73583880011204,-0.0203716961181194,-0.000454111254243996,35.9617157583163,2
916.350017374744,46.4884641801908,183.034699153364,6.51580863800279,193.541575925736,8.20818348963359,7.60684229077162,10724.9993678701,91.3995082561682,2
911.942250476682,56.63659683714,137.319740397228,4.77443436523786,166.387395783258,6.08958554166194,-0.0729338751700963,-0.00026238900344415,75.5477535491878,2
913.401389112052,63.5551926675753,48.4031278738317,4.1590308834807,28.8982083681649,5.38714479415513,-0.0936121341235975,1.89016726874934e-05,49.203217853783,2
917.117578450399,55.0346883668464,198.2907657798,4.87556837342175,207.406111122657,6.16485863669298,-0.0503917779901864,0.000185055250316895,78.1857831229203,2
915.882851285168,68.6051009548267,186.716112104154,3.46636359299475,171.889707222561,4.44081633230075,-0.0578191602883484,-0.000215429568433258,48.8626822886502,2
918.072611809456,73.7699389603526,169.002506219929,3.171378266439,191.998371088328,4.05470954070333,-0.0527855637390857,-2.38599692090798e-06,31.5036711892432,2
916.92823083811,51.9178036605798,151.724190273913,5.78714169177443,183.184166912826,7.12222439051011,0.0192056687855651,-0.000402532113428466,23.3262205304893,2
914.522297899293,63.0371005584488,200.426522978489,3.92625798378685,234.983022645576,5.0633999245091,-0.0839785265449673,-0.000362933814737383,86.6375322320364,2
918.682278779433,72.1117081323653,186.172181114326,3.36971894700534,191.818104048376,4.25040186602651,-0.030422949998758,0.000468011072221856,22.4589280585758,2
920.864818496005,58.0114339105061,179.957461932559,4.99316582819851,194.027329180176,6.20357669112803,0.364987117398509,520.000475299101,35.1992869487688,2
913.067855683942,76.8817140550477,166.942809185609,2.73184153806622,177.136698328919,3.53265202210123,-0.0611162603493705,0.000956768720718121,28.7784867029085,2
914.675917151675,75.2239569651344,173.260584369638,2.9665058862239,185.425384511072,3.79454632110365,-0.049261108186573,0.000665285138086594,25.7833013827314,2
915.62788091608,69.3425525458664,185.490587611248,3.61993638728141,198.206139532712,4.56068793473685,-0.0310842043463826,0.000173354815480708,28.9560177778459,2
917.65737931355,65.2756139678375,178.311156006596,3.9278747234057,193.892881105596,5.00266674654739,-0.0562708541282459,-0.000137471286657429,54.8956562571395,2
911.492516888241,47.2746682999421,110.236630689792,5.63023585237209,96.0764898662988,7.17299227276203,-0.0782839775289789,-0.000528765303587319,90.5622001005487,2
919.152351987939,70.6615269508402,156.716265462871,3.45228665572846,172.289588348713,4.42845914075577,-0.0626617980000217,-0.000214581620715874,42.083014257818,2
917.998445762704,83.9714058666379,29.9734056090507,2.23613483810141,40.1172104192972,3.04599367076477,-0.114065895856786,0.000507452299687183,16.1812528753529,2
913.948939585061,66.254708474165,171.873299184008,3.7384128801688,182.317358330591,4.79241441526236,-0.0660170027726393,0.000475412465155698,57.3906689833086,2
917.131486726194,65.8561024732494,137.623330625085,3.94436876096449,176.68500007135,5.06506343480268,-0.0757519217843343,-0.000318456100504016,58.403384871014,2
916.044824660959,50.844220999703,211.428981562336,5.2716999156426,231.781346203265,6.64812117052343,-0.048146494696653,-0.000428668306968128,89.8416016967804,2
916.285957498898,48.6013361693998,46.9117310809652,5.69703749317952,61.692612502998,7.30862268103302,-0.102747747639788,-0.000112531064434315,91.0458973257837,2
917.121373308377,80.3144369997266,183.302961526497,1.9049004062326,38.4981148823127,2.57849392142115,-0.0766024328671753,7.70065599164057e-06,28.2641106402141,2
921.172373880999,53.4036531899866,261.929776433439,4.90914905652352,260.48078974309,6.18460569055665,-0.0403920440751081,-0.000447299011390094,91.1529973882356,2
914.126831738817,65.5526235651739,173.757021583965,4.01943841519899,181.027858305187,5.0474993839303,-0.0270648017826872,0.000707839612485149,30.8571777551506,2
912.843916983938,72.3545067156864,129.219126750651,3.17466292486838,159.987733050979,4.14933604701893,-0.0909863894622009,-0.000240139183125697,51.8671908330263,2
915.018024063292,54.8846807350762,191.793799388078,4.97001710292901,220.903903281647,6.26381224459291,-0.044675828114176,0.000130345566741123,73.5415747881299,2
918.889315978534,63.1969215517499,192.903547159474,4.39132873229921,207.297612864244,5.45376949259902,-0.00500611308394258,-5.39723851828749e-05,26.0256763183638,2
918.599294046418,50.5244548384085,241.63773442807,5.19800911177077,227.375793537958,6.5430753389962,-0.0393666549420762,-0.000574152677334941,90.4037180181561,2
916.592123997447,71.1638843267521,189.302714294676,3.28305496557791,200.798286217208,4.20821991623298,-0.0579888948438565,-1.5745010248657e-06,45.5936928552489,2
912.574339297057,58.6274632696219,172.708786514335,4.55828941056407,189.094404654088,5.77493538398285,-0.0524707355342297,-0.000102339447488268,64.8522636793321,2
