Clump,UnifSize,UnifShape,MargAdh,SingEpiSize,BareNuc,BlandChrom,NormNucl,Mit,Class
917.34768811771,71.4038426310654,101.935179356184,2.44300921573402,140.471548471125,3.53332360161062,0,0,24.3286972918022,1
923.040000000008,60.6379999999988,51,17.0678521999997,63.6999999999999,22.1009672,0,20,8.90000000000005,1
919.992262176274,62.9643831163325,54.7990936153581,12.6804357402035,74.2542234861017,15.4523058061834,0,0,18.8095178566365,1
921.125625973345,68.8187718944121,71.7990922763454,2.57653776671464,95.4723335617643,3.48744358739647,0,0,11.7422012298629,1
918.370000000004,63.9140000000025,53.7,14.4506323999997,72.0999999999999,17.0454827999999,0,0,19.6800000000001,1
923.600000000002,59.8820000000033,192.8,4.29492479999991,203.5,5.18970080000008,0,0,22.4700000000004,1
921.969951282133,60.9553415264257,164.621485996141,1.66444229894694,195.77996752142,2.36718113263113,0,0,12.1096289018911,1
924.200000000003,68.8820000000038,56.3,9.88727479999988,68.9999999999999,11.8781514000001,0,0,14.2300000000003,1
916.050000000005,87.1880000000049,210,1.5658579999998,109.3,2.59485040000011,0,0,12.8799999999999,1
923.663676793339,69.0310704187739,64.689907868498,7.55777528016753,73.0492322374834,8.81935448212983,0,0,14.6925013275681,1
922.360000000008,74.3359999999992,166.9,4.18307779999975,210,6.9121446,0,0,12.4799999999999,1
923.018549964785,70.3305324254479,152.563542146049,3.05969603860011,181.274779995297,4.26903762495611,0,0,22.8596841746828,1
917.800000000008,73.7779999999993,181.9,0.939514799999804,185.3,1.54348859999982,0,0,11.4799999999999,1
922.060000000006,61.7540000000012,56.2,10.4241403999996,76.9999999999999,13.42164,0,0,17.7000000000002,1
922.206232880569,57.0364825100091,48.3627014464782,12.3853293455625,64.9053283647887,15.7893310566905,0,0,14.9694298994375,1
925.097125725986,57.1334991237811,52.9689327559145,14.618306949929,69.0070565459507,19.2143138458635,0,1.54044829390368,18.6423060619654,1
915.914435739919,69.3888731067296,46.7361705829601,10.9769507678848,64.6446823318402,14.2976171374237,0,9.39715695066505,8.49833536323128,1
918.850336146548,74.0846394129743,69.4484491747872,3.41640548455701,103.058915228815,4.74852632177649,0,0,11.0793155226348,1
921.408129860134,47.9703946135899,46.3114285067358,10.9984531533027,67.2328572398962,14.3854127858013,0,0,22.147701376039,1
927.610000000002,54.8960000000035,55,4.98837619999992,53.3999999999999,7.20294680000006,0,0,13.5100000000004,1
921.874478403971,68.0938479498513,70.9086537312092,2.14658555040553,96.0953036744281,2.89129467129145,0,0,12.4794452123367,1
919.560000000007,78.4760000000041,179.3,5.95026039999975,192.2,6.9792528,0,0,20.1900000000004,1
920.360000000003,74.1920000000011,56.1000000000001,4.71994339999964,72.6999999999999,5.56998059999999,0,0,14.7300000000001,1
923.620000000009,62.5999999999994,63.7,4.94363739999975,75.4999999999999,6.06210739999992,0,0,28.55,1
919.56133269064,69.1655206497228,137.144875638807,1.3828941853983,123.019030656538,2.0316067853985,0,0,15.9354466403358,1
917.397349400784,79.2446779074122,97.2677643833464,1.11030681606334,95.5933601026118,1.54267607496277,0,0,13.3681838470476,1
920.590000000009,75.0019999999995,89.7,1.16320879999981,91.0999999999999,1.78955199999983,0,0,13.9199999999999,1
923.324245412359,57.1864731630524,44.7041857746904,9.99480953274341,66.6391055037984,12.9218891326536,0,0,17.4453623844066,1
919.610000000002,70.2500000000037,119.4,3.40014879999987,162.6,5.07785380000009,0,0,19.6400000000004,1
924.722874964885,61.1280828331967,40.6734357841525,8.57656546580099,65.4298273616485,11.4486504365738,0,0,17.2077427407609,1
923.18778266195,56.5327437544121,50.0936937817427,7.69557064919402,56.9979578933886,9.42723629339201,0,0,13.4969165167514,1
919.900000000005,56.0480000000008,58.8,3.86990619999968,70.2999999999999,4.54098820000002,0,0,18.9499999999999,1
921.700000000003,53.5640000000033,48.2,5.25680899999996,64.3999999999999,6.80029759999998,0,0,19.8900000000004,1
926.177368159633,66.0685681125081,56.8207787652322,16.9966739830754,69.3013096344282,20.4969782925955,0,0,14.586780577993,1
920.770000000004,70.7180000000022,181,4.40677179999969,188.2,5.07785379999991,0,0,13.16,1
917.706223618099,81.4513334868718,121.881811604319,1.73464161254123,83.9506211613678,2.42770359673129,0,0,15.9051083503939,1
919.903080864679,55.9646977750501,48.1055949174904,8.82866056291736,64.134546785475,11.0341915835387,0,0,20.4353750429293,1
919.477927109483,68.0600429854772,47.04658845067,10.567383294021,64.8812472957368,13.6928726045645,0,6.53411549330048,9.37442419707694,1
916.817673363836,84.2874557909034,208.118349512384,1.8927379623924,108.319139639434,3.08517034358898,0,0,13.6867076026693,1
918.876744819335,77.0837052985861,183.377677205019,4.32486905886094,193.009675026549,5.06360032020859,0,0,10.0738220297929,1
922.187875173527,56.8639740570787,48.3815990860793,12.298367980222,64.9026287019886,15.6890839272008,0,0,14.9494523947162,1
924.050000000003,47.2460000000032,47.9,13.980875,68.2999999999999,17.8507812,0,20,16.7100000000004,1
918.39149770145,73.1685781257863,181.72075827229,1.63004495010447,185.877556678176,2.24738384978397,0,0,11.8145845583918,1
924.390226490481,66.0990871543035,63.3111541948455,9.6501786146221,72.4516289182534,11.3160256843595,0,0,13.0935339735723,1
923.885221311808,58.6071023050632,47.0187591291966,11.215701371321,66.5550073033572,14.4763457739796,0,0,17.3082965013882,1
921.126863363804,48.6142841615046,42.3551878002816,11.3135682005628,65.4671420758481,15.0339001958855,0,0,28.2433402379364,1
917.807539483777,79.4621999716894,126.24236151891,1.46576404160146,70.0017183329786,1.96225087040201,0,0,14.869578592174,1
920.480998146898,65.5192357016942,111.747920527307,3.77668494998372,52.2704786361387,4.58609913245166,0,0,22.8960397363468,1
921.650000000003,62.8700000000022,56.7,10.7149426,77.2999999999999,13.7124422,0,0,21.1100000000004,1
915.610000000005,69.3140000000024,46.7,10.9162671999997,64.4999999999999,14.2045689999999,0,10,8.30000000000008,1
921.445510111166,62.9320805390367,65.0469386325537,9.13401800687643,80.4816317953221,11.659020577022,0,0,16.5414304477327,1
920.850000000008,57.3980000000003,47.5,9.12671519999975,58.8999999999999,10.6030956,0,0,13.49,1
920.04214248788,65.2017896833632,122.961649263383,3.62674070647313,48.2514719368613,4.62861152480037,0,0,24.3668217033704,1
919.550000000002,59.090000000002,49,20.8930196,58.5,24.6958176,0,0,12.8600000000003,1
921.391319227806,68.22350764874,199.189402415182,4.53861758386139,208.444644442625,5.40260097002896,0,0,10.4528184539561,1
915.265390374798,80.3132874502265,147.997702495813,1.38172148796057,145.486318749322,1.83871630646552,0,0,19.2990518751733,1
923.054433023642,65.1635702241293,151.842543965489,3.54404549357856,181.171008101814,4.94376453848197,0,0,11.9997909251093,1
915.101901435936,73.2116702592406,210.438988251519,1.35957033794878,126.306814469571,1.98878506315629,0,0,22.7612052950925,1
923.780000000002,64.4540000000043,150.3,4.00412260000003,179.1,5.56998060000006,0,0,10.9700000000004,1
920.527758707527,60.4333692233317,55.1938329513595,12.4827926426958,73.4278515123195,15.318981880856,0,0,18.1363726169286,1
920.902599263186,56.9947166813029,70.7435322062195,2.90172260837731,63.9995128269942,3.51152716586981,0,0,21.6783848801365,1
919.862225167083,75.4080573448536,220.859705155394,1.64403621737501,159.964219741196,2.55576129131234,0,0,14.7994638538291,1
921.565442356086,64.3435908061662,65.2314497785837,11.0532606948277,81.5886986715019,14.2489663548485,0,0,14.1197216560896,1
916.472388218546,75.9300744959892,177.855503260135,4.9001033253861,193.524122011543,5.90216862090893,0,0,19.7446135052085,1
920.33059589022,72.2424906483287,149.918829133908,2.81538737612784,179.096480430278,3.96359576428042,0,0,18.8347206454167,1
917.300000000004,73.6160000000023,147.7,2.41589519999969,175.2,3.46725699999992,0,0,12.9900000000001,1
919.576336622175,63.6019539640194,72.856680063842,6.08601331682522,85.6110705165403,7.38821970019053,0,0,10.0183022780035,1
920.042264327172,69.2287265250372,47.2157986444117,21.1806440675302,64.2189409489117,26.4491047532517,0,34.2315972888234,14.7632026624179,1
916.542732553698,76.5327258420449,174.008328036989,3.72983912281324,184.930253802825,4.7199433999999,0,0,12.4023486716474,1
919.413809467881,67.509733137294,143.692725669741,1.10993660996014,125.419517789875,1.77940322490087,0,0,16.4641393705513,1
921.900000000004,78.2060000000023,50.7,5.36865599999967,74.4999999999999,7.44901019999994,0,0,13.49,1
926.762031681606,54.7048842977861,54.0243342529445,5.02689100710966,54.9782828261192,7.14517458933545,0,0,14.4254040391495,1
921.411886397117,62.0270778457753,63.2084384789555,8.24701686148149,79.125537622146,10.4455476972134,0,0,19.0146002945802,1
919.421645255054,68.220011320101,140.302393714029,1.2168932164386,123.644713961766,1.86560581643876,0,0,16.4127120452542,1
918.902090516717,73.5024959456659,177.328028519846,0.95851076631633,128.828393336886,1.43966807774562,0,0,12.8745398068988,1
920.530000000006,81.9500000000042,59.3,10.1557075999998,79.2999999999999,12.7058192,0,0,19.8000000000004,1
919.968818645262,66.6956672975167,64.4228939064612,9.36189096393845,74.978914785077,10.8475151016401,0,0,17.8273146395782,1
923.038403339723,60.636998458547,51.0001209591126,17.0708015032212,63.7022982231381,22.1049176428471,1.20959112527731e-05,20.0483836450144,8.90215307220319,1
922.821310351213,67.8133014399465,55.7576583162107,9.55524500042584,68.8572785042659,11.5588919773328,0,0,14.8922277402062,1
917.600000000007,81.9139999999995,90.4,1.67770499999985,121.4,2.34878699999985,0,0,29.99,1
921.68481739933,61.0538886148834,55.9590570454367,10.9939139003681,75.8641260713441,13.9529152908841,0,0,17.7413045064967,1
919.013672319594,62.5974317162136,166.847158581052,3.64305020822309,190.070012229707,4.86982111571208,0,0,22.3701594784011,1
926.500000000002,71.1140000000043,52.8,12.1018453999999,68.5999999999999,14.8085428000001,0,0,13.9400000000003,1
924.940000000008,57.1639999999998,53.2,14.0256137999998,69.4999999999999,18.6560796,0,0,19.24,1
916.475202889779,78.656872958296,120.9,2.63903934713791,132.56254778707,3.39497843970822,0,0,17.6383136921253,1
918.026453370532,73.4418955237475,182.932945198882,1.36609383381889,185.856201260936,2.03227707625087,0,0,10.4192447380714,1
916.986006489711,75.8438206680399,150.238951156932,1.30391353998878,142.624694429932,1.88900319602841,0,0,17.4300983946019,1
924.100000000002,64.7060000000035,62.9,10.5807261999999,72.4999999999999,12.3926476000001,0,0,13.0500000000004,1
917.200000000012,74.1379999999997,176,3.06460779999956,191.4,3.71332039999993,0,0,13.3200000000011,1
918.637062305999,73.4299449134955,181.467475404199,1.02488523258775,186.394032801143,1.63455039476039,0,0,12.9607606750355,1
913.320000000004,79.2140000000041,95.9,2.84091379999971,129.1,4.1159695999999,0,0,17.6900000000001,1
914.131735948655,82.5831521084255,120.810339578379,2.57708977715726,139.239546251363,3.39974345256872,0,0,19.9111771073006,1
924.080000000004,60.080000000005,54.2,18.9245124,72.0999999999999,23.5549782000001,0,10,13.1300000000002,1
916.737056519026,77.3766741097983,184.193505729432,3.33413799839243,201.332611747715,4.04837715687959,0,0,31.2160768295301,1
922.808445487988,60.0641812921099,136.52777021673,3.37898095784047,148.027201031069,5.26836437943519,0,0,19.829257129467,1
922.990000000002,59.486000000004,137.5,3.37777939999993,147.2,5.2791784000001,0,0,19.8400000000004,1
918.511139618964,77.6243996684321,127.561512312345,2.13071480864017,45.5852959492865,2.8581986122404,0,0,16.13129142141,1
920.640000000002,53.8880000000039,42,14.7638039999999,64.8999999999999,19.4390086000001,0,10,19.1100000000004,1
915.300000000004,80.2760000000043,148.7,1.34216399999972,145.6,1.7895519999999,0,0,19.2700000000001,1
923.833996226097,68.3998621887099,57.1257479247425,13.0978212402556,78.7034249062432,17.1683828151466,0,0,9.77760256562978,1
914.106588093524,73.7672458534618,219.063026679298,1.50315661783463,124.809921946015,2.21864210701036,0,0,25.0636977214494,1
920.535407098756,68.6893051794945,47.556514796693,13.0049285375638,65.8739408132282,16.7235315558342,0,0,10.2891035310573,1
917.200000000003,54.3920000000053,60.6,7.76218180000004,73.6999999999999,9.05960700000003,0,0,20.8900000000004,1
917.830000000005,73.0400000000041,145.4,2.81854439999981,38.2999999999999,4.16070840000008,0,0,25.3999999999999,1
920.957021189953,65.2369571120897,75.1213018360105,3.89111664645439,92.4847308117021,5.18746680903647,0,0,9.16114873687777,1
920.518968080461,68.6617068374788,55.4163053338457,15.9571619786025,74.7051171775555,20.6446668361677,0,0,14.4505722807081,1
922.717976713591,72.0557052872475,67.9193231388861,6.52273958506984,92.2171761234541,8.32862091704992,0,0.644104629533544,12.9978602814922,1
922.163428541292,60.7377665836249,62.9966711024896,5.58310956949533,75.0916154788648,6.74218097708247,0,0,26.8120969822808,1
920.400000000011,81.9140000000006,56.3,9.6859501999995,74.0999999999999,12.2584311999999,0.00999999999999091,90,8.00000000000119,1
919.637239967058,76.1032797491485,175.367867874901,3.41110914617073,43.4394316388074,4.85849741040216,0,0,26.6188150514253,1
920.320000000004,65.462000000002,48,14.8756509999996,64.0999999999999,18.4100162,0,0,8.04000000000001,1
922.23996673969,74.3301924190399,144.725873083407,1.1630971979884,95.824875273799,1.83357067210053,0,0,14.7392005252745,1
920.969243150126,69.0119310284792,197.202837469509,4.46816747586053,210.037059245413,5.89278859482604,0,0,14.2943250609821,1
915.550000000014,73.7600000000022,182.4,9.37277859999938,193.4,10.9386365999998,0,0,31.7000000000009,1
920.800000000006,65.0840000000004,75.5,4.09360019999968,92.2999999999999,5.45813360000008,0,0,8.79999999999991,1
922.980000000006,63.3740000000006,125.3,3.64621219999966,98.5999999999999,5.41339480000011,0,0,15.84,1
920.660000000008,70.5559999999987,47.3,11.9228901999998,66.8999999999999,15.7480575999998,0,0,11.5900000000001,1
923.720000000004,58.2080000000048,191.2,4.83179039999998,99.4999999999999,7.49374900000003,0,0,20.9400000000002,1
922.573065432607,58.733243092919,55.1484203571025,18.4059089828936,75.2614011903416,23.6374832890852,0,10,10.7536801052601,1
922.639489086677,72.4800316259792,68.5161726060634,5.10628710082421,75.8432037864383,5.95270085656307,0,0,10.8181349664249,1
923.270000000003,63.5540000000049,78.9,10.5583568,80.1999999999999,15.099345,0,0,18.6700000000002,1
922.141662165278,66.7704276607664,149.642642226808,3.60257120500528,178.113963340212,5.0383491756409,0,0,11.4807164237878,1
917.98483165786,75.8822835623096,173.428668896045,2.98734329164566,191.89891499032,3.68327309119558,0,0,13.9302114112382,1
920.670000000003,66.0560000000036,137.5,1.83429079999989,46.7999999999999,2.43826460000007,0,0,12.5700000000004,1
921.615698415598,76.0290755246311,173.821184745309,1.36787203059561,202.905069869497,1.84010013223833,0,0,14.7893791654443,1
921.480230558685,59.6836886299451,47.1296834644832,16.5772720619514,60.8017298336404,20.1119595311782,0.0026512960881195,42.6512960881219,17.0946979226671,1
922.808885572329,68.7455510262039,198.270947401879,4.19182464181634,209.192743768196,5.23693869766192,0,0,11.9782174691362,1
923.418287331539,60.4350342971211,52.1639610200997,17.7431897313656,66.7553976777616,22.6298459896238,0,16.3626218121885,10.4386109734444,1
920.288154912912,75.7652368630875,91.578831664582,1.27115043064307,88.194484365701,1.89749363064312,0,0,13.2228815845622,1
921.020000000003,73.7060000000033,70.9,4.1159695999999,77.9999999999999,4.74231279999998,0,0,9.35000000000058,1
917.61000000001,73.0219999999982,42.3,4.33966359999955,64.1999999999999,5.59234999999994,0,0,6.09000000000101,1
922.500000000009,66.7399999999984,71.4,1.90139899999965,94.2999999999999,2.52774220000002,0,0,12.7100000000001,1
922.174130567082,62.2675835594038,47.9662515947884,16.5527604427446,63.6687420260579,20.4089222848421,0,0,15.094486937419,1
917.461900406092,55.5116242360344,61.0265802068871,7.93305631919895,73.8091251692036,9.2393581175989,0,0,20.6142109360129,1
921.610000000007,64.8680000000013,65.3,11.7663043999997,81.9999999999999,15.211192,0,0,13.2200000000003,1
920.334776901395,83.0042047325003,53.8869959021659,13.7088767872178,75.0405869394091,17.1720933180115,0,0,25.6478191811032,1
922.702458837994,56.9941083408854,46.272825704583,6.00459850164205,58.3015636453711,7.92499948800891,0,0,14.4126050127454,1
922.47323296309,66.6397842137737,71.4856545181409,1.99181214590378,94.1929318523238,2.63192688468425,0,0,12.6899247223109,1
920.075591056324,69.3487500685714,45.6699810865799,21.108389797722,63.638273440836,26.6595962599286,0.0011944969817216,34.1500945671008,15.2732581288368,1
915.445446421544,70.6121923182471,215.387156613983,2.00313162831664,121.904945074005,2.99447296718872,0,0,25.1663873662338,1
923.634016989317,62.5605117305458,62.9307001548906,13.1532427358622,87.4007759065776,17.5508237839581,0,0,16.4866794876418,1
916.870000000007,67.603999999998,66.3,4.40677179999975,79.1999999999999,5.34628659999988,0,0,18.75,1
922.593064124066,68.2165083193614,56.7807806468785,9.83811603649726,81.2172047851138,13.045088097676,0,0,8.63076535578063,1
920.810000000002,59.0720000000021,181.6,9.01486819999964,186.3,9.9096442,0,0,20.05,1
918.981213404727,79.7690627085771,187.847280183857,2.35861461157847,69.1301245615308,3.55130610960348,0,0,26.1110043150261,1
920.372656569366,75.5683753924782,183.709305991644,3.1683168867222,191.76751252425,3.87547001115589,0,0,12.7482236990746,1
921.772168250893,47.9424140408282,44.6619514508423,12.9398805962784,66.8301574234088,17.0876589104954,0,0,32.6878379861028,1
921.168738635906,63.9841053260603,75.0259074681293,4.71812661174279,91.2464610402871,5.96482483971621,0,0,10.4645915563463,1
921.09000000001,72.409999999997,180.2,1.27505579999964,189.6,1.90139900000002,0,0,17.3000000000003,1
918.269919389887,53.559018294594,89.810693132712,5.08593136889358,97.3363786045272,7.97481745186301,0,0,18.6559053488685,1
917.200000000007,75.5060000000042,177.6,7.40427139999976,182.9,8.20956979999999,0,0,14.3500000000004,1
916.818071508123,74.3029252505629,177.557563500902,6.65434097188292,183.685075233321,7.46913216211249,0,0,13.5946303160483,1
921.880000000002,47.5700000000036,45.6,13.2203153999999,67.3999999999999,17.4033932,0,0,31.9900000000004,1
919.125090533986,62.9906724728916,168.813362364443,3.85319024747027,191.599281839011,5.21190955169581,0,0,20.8758446030235,1
919.407404511001,64.496477349154,54.7105280158114,8.38148586110755,68.6270341882864,10.3207999317419,0,0,16.7193789177156,1
922.2212035849,69.736578335042,53.3777060147855,16.9082036845033,72.3875202491148,21.4434278803133,0,0,9.87010098248178,1
922.990000000006,55.7600000000007,41.2,9.28330099999964,66.0999999999999,12.1018453999999,0,0,16.8200000000003,1
920.567764807645,59.8870501857394,55.7499417792872,17.6419306740045,77.1206053022081,23.1941511564769,0,7.91618149405993,10.2474622531397,1
918.846598183232,74.938012503522,185.395861246661,3.06333563712281,189.244245940516,3.83191118855142,0,0,8.69174631544128,1
921.689358252582,65.9503395683896,73.3550771555556,2.94674594792687,93.3463038265582,3.92509373243335,0,0,10.8455239809214,1
919.762753114936,77.6721435325803,179.419266538193,5.33070988001371,191.855452222997,6.30634386202474,0,0,19.8070218940241,1
916.510000000007,82.2200000000002,154.2,2.21457059999981,81.5999999999999,3.08697719999988,0,0,26.7400000000004,1
915.400000000013,69.8360000000018,177.4,3.86990619999954,186.6,4.71994339999982,0,0,10.7900000000011,1
919.282942348936,63.3349599164419,44.9211461330772,4.41914842291173,80.7422922661541,6.23053757200891,0,0,16.2586594820427,1
924.02549958307,60.1092415698597,54.0323064094335,18.8272155201875,71.6598043247628,23.4787818483397,0,10.5240424705204,12.90833003497,1
921.459843557742,77.0532952188329,51.7823519072013,5.99008611065874,74.5180391984533,8.11886343616485,0,0,12.9325887677914,1
920.59812156305,53.1549276302824,44.8254972868272,5.34924034815331,73.4216297025641,7.24704911607537,0,0,19.31840056083,1
922.357267009775,74.358711915091,166.88901695514,4.17919256269487,209.959132856335,6.90357422359218,0,0,12.4902678698458,1
918.944562105414,62.3535133132245,165.627566566105,3.51270506493154,189.121440662526,4.6576313475631,0,0,23.2970494097609,1
921.340000000009,70.0159999999987,100.1,2.23693999999967,148.2,3.31067120000002,0,0,6.29000000000009,1
925.300000000001,70.4660000000042,64.6,6.73318939999989,72.2999999999999,7.94113700000009,0,0,13.2300000000003,1
922.412658689933,64.0185369309522,127.981695263461,3.25091611913167,102.552787816084,4.84472324506715,0,0,15.9826103839528,1
918.326884454048,74.3630205403493,70.4477660422867,3.75171726559465,101.916838808815,5.20625351493899,0,0,10.4464148398853,1
921.350000000006,61.8080000000006,64.9,7.60559599999963,79.5999999999999,9.59647260000012,0,0,18.47,1
920.70121139682,73.8531314783589,61.1917181375817,8.23690610612293,76.4566634442567,10.3825957981068,0,0,15.9026058507634,1
919.300000000001,63.6080000000024,171.9,4.18307780000004,194,5.74893579999997,0,0,18.5300000000002,1
921.170000000009,70.3219999999982,52.1000000000001,17.6941953999997,70.4999999999999,22.1904447999999,0,0,9.42000000000069,1
923.349126953682,48.6111609306966,46.6873457556324,14.1417940126929,67.6011822998558,18.1772169114629,0,17.9446538231057,17.203283082455,1
920.935243296655,64.8842062953205,47.927046249409,15.0116453023722,64.3188612517729,18.627607083796,0,0,9.89545705669774,1
923.8916608008,56.9868798753694,51.3833833371147,13.3398707568584,67.7590756980681,17.4962426011066,0,0,17.6088296214509,1
922.352876019983,69.3988107060574,69.9542525741189,6.14778505943799,91.6174507625632,7.73843862236165,0,0,12.7296686033922,1
916.824510518959,86.6766043902803,118.66643711466,2.35980647728233,45.9192038707117,3.17288151950273,0,0,18.1581684602877,1
918.210000000007,49.8560000000013,89.5,5.54761119999961,99.5999999999999,8.99249879999993,0,0,18.0900000000003,1
914.027198241826,73.2189978583675,219.433258199238,1.50059521877417,125.443514031685,2.20327371264762,0,0,25.5614110224817,1
919.370000000006,65.1380000000007,54.4,8.72406599999965,68.4999999999999,10.7596814,0,0,16.5500000000003,1
919.901807219287,72.9823710589138,56.4054618538101,6.80400790974873,73.6672958703985,8.41706326359136,0,0,12.5255836216707,1
917.485232357237,83.6369741968743,199.353185422714,1.67092984735499,94.1648224146423,2.68824759764909,0,0,18.9914803284324,1
920.827733579882,62.1840318224901,66.0643972645373,7.43705744125689,80.0965811863467,9.32834307472749,0,0,16.8021721534422,1
915.576939290285,73.7534353715065,182.389302086896,9.33340190233756,193.381521786456,10.8946913352059,0,0,31.6299772960463,1
922.730000000009,72.2299999999993,67.9,6.53186479999977,92.1999999999999,8.32141679999998,0,0,13.07,1
916.500000000007,85.5859999999996,121.1,1.29742519999983,80.5999999999999,1.74481319999987,0,0,15.9199999999999,1
919.3224913343,72.2093725646678,181.438638989608,2.7169116808986,186.786607700152,3.3552867108516,0,0,12.3412072193985,1
922.542989053604,67.9060574184184,198.484233379467,4.28088478962786,208.609762096123,5.2623844541795,0,0,11.5018787858572,1
916.760000000007,87.0079999999995,119.5,2.37115639999983,44.5999999999999,3.19882419999986,0,0,19.0199999999999,1
925.305089731804,57.0931296402991,52.6631033355909,15.4027669160742,68.3546204492603,19.9531656744422,0,3.57931109606118,17.8512272947284,1
921.269442626127,54.1581691759519,50.7355045350488,4.92506387367236,65.8112713921497,6.25987408775675,0,0,19.6651533714204,1
921.520000000007,59.2160000000009,48.8,14.7861733999996,63.3999999999999,18.1192140000001,0,40,18.94,1
916.230300451527,62.7208028400242,46.6515779579506,9.51409196628409,66.3941345373884,12.0901722505666,0,0,28.2723621084033,1
921.559753985231,70.9458668828601,166.212920088324,3.97513662138001,210.303123490445,6.39681211385535,0,0,15.4526310296335,1
920.736640702005,69.5320769560828,183.126655247533,4.01966629439024,189.555221481271,4.80268241649442,0,0,14.5923648578976,1
921.591567362941,59.4285550679229,49.6230246737674,16.4751429117326,64.1872409922991,20.7127027289168,0.00357836814656728,47.1567362936292,15.9842679107313,1
918.370000000007,72.9319999999987,184.5,2.0132459999998,186.7,2.77380559999986,0,0,8.8100000000001,1
920.217105596039,56.6458378227392,73.9205545078888,3.99282572808905,63.7761868916227,4.79859578827469,0,0,22.9147242851995,1
919.288658531022,77.3495142851968,165.874922403792,1.42064165489341,198.5485033386,1.96947686691322,0,0,19.447430163413,1
921.61337253065,68.658972565101,70.7035554621347,2.24893157454922,96.8447011960462,3.04304912088379,0,0,12.383206793771,1
920.986186534733,57.0736449901738,71.7392712880389,2.82100459096764,63.4742376232822,3.42570041318103,0,0,21.9058518813962,1
916.029175219532,87.1361830462385,211.488359310312,1.57681889045448,110.292239540208,2.58936995477277,0,0,12.6227527117979,1
925.27766119211,66.4665745906728,49.4049390974192,11.2288538812865,77.8993462959297,15.3440110941853,0,0,13.9327382937165,1
915.820000000007,62.4919999999992,45.3,8.5674801999998,65.2999999999999,11.1399611999998,0,0,29.9200000000001,1
920.280000000009,74.0299999999969,120.9,2.23693999999965,119.8,2.88565260000003,0,0,13.4800000000003,1
915.104852840165,80.6610318250029,214.407657428119,1.53536419008033,116.843001371833,2.41188754048387,0,0,18.8053456559464,1
922.650140477869,59.8118017205717,194.327281680088,4.4660585821975,102.396850398397,6.91201449785788,0,0,21.4864513251525,1
921.727033512247,61.2496174315076,56.5014511411809,10.2417652959665,76.7739116441143,13.1227900396095,0,0,17.9185520773563,1
914.621061536156,74.4035419684017,176.989385513988,4.27043096028907,194.318063278845,5.25635081055292,0,0,19.4775605334794,1
923.394623971262,62.2310392166469,44.9311662810435,15.0051754697974,63.5209747700081,19.2648777006653,0,0,10.9409164022591,1
925.278535468258,58.0947662509894,52.6062028347667,18.2542494174101,68.4023905766587,22.7421060721784,0,10,14.5516670713884,1
919.900000000011,70.4840000000008,46.1000000000001,21.0496053999995,64.9999999999999,26.7985412,0,32,15.7200000000012,1
918.845566333226,80.229373262683,189.159276449182,1.91589890582883,77.4913210998743,2.96930905822468,0,0,24.9724584034218,1
920.828413636887,69.815763316967,48.6316427102201,12.8165316532598,65.1766976691268,16.2562066616575,0,0,13.9360411277114,1
922.170000000009,64.1119999999989,68.8,6.10684619999976,92.9999999999999,8.6569577999999,0,30,9.71000000000005,1
920.300167510041,66.9531102055907,49.2385687061412,21.4181968687793,62.8030019057011,25.8156306165877,0,38.2771374122823,13.0286773344843,1
914.830000000006,85.4599999999995,120.5,1.43164159999983,132.8,2.23693999999985,0,0,18.1499999999999,1
922.900000000004,71.0780000000011,151.8,3.15408539999965,182.4,4.38440240000001,0,0,23.7900000000001,1
918.790000000001,61.808000000004,162.9,3.22119359999994,187,4.18307780000012,0,0,25.3700000000003,1
920.992757290378,63.4855222773864,163.569123235789,1.40101039276202,195.12850486025,2.01407027965986,0,0,13.9237018506883,1
918.894229797665,64.734424495423,171.527752701159,2.88200231288165,191.258973063543,3.68861516619534,0,0,10.8627964541186,1
922.872788846704,62.7794083305883,45.4520186652529,14.9831921578666,63.6192488047646,19.1197878419219,0,0,10.448563488129,1
919.00959051221,62.5830253372127,166.775126686047,3.63535172581186,190.013987422481,4.85728870248451,0,0,22.4249037186046,1
924.670000000009,59.917999999999,163.2,1.74481319999976,165.6,2.66195859999989,0,0,9.90000000000005,1
917.735011374547,81.7833354681888,123.988543412209,2.23728170265974,45.148599750381,3.0091683787681,0,0,17.4116052772917,1
922.600000000002,59.3240000000039,165.3,1.83429079999997,196.2,2.59485040000009,0,0,10.9400000000003,1
918.108730104065,66.6197252101688,207.60217354199,2.91357600197525,114.693592333633,4.4426294541489,0,0,23.8060640083905,1
919.287985441125,76.7082336742916,166.797412428315,1.30294741387335,199.306112153351,1.81413028554952,0,0,19.3519287862349,1
920.715531913315,62.8157915071643,116.131280879312,3.87276050376818,51.2807596100225,4.7710440390238,0,0,24.0523160404881,1
920.091802981898,75.6640484818438,90.8809114503358,1.15495371231321,91.8011661736368,1.75102825746233,0,0,13.8338918734129,1
919.700000000012,78.5300000000007,187,4.9436373999995,193.8,5.72656639999993,0,0,8.48000000000119,1
926.520000000003,65.5160000000033,56.9,17.4928707999999,67.3999999999999,20.7140644,0,0,15.4800000000006,1
921.862506840693,61.4066874349083,75.1524965494139,2.55063182112172,62.9518810082845,3.07034550749347,0,0,21.6302701649151,1
922.355359164409,59.8194529132862,53.3967002157989,14.1928163006769,70.5228411221542,18.0224701237499,0,0,19.4130961899031,1
919.460000000001,71.8160000000023,56.7,8.81354360000003,74.6,11.1623306,0,0,10.4000000000003,1
923.953386852447,60.1479328234054,53.8104210844377,18.6984762539739,71.077355346649,23.3779619410639,0,11.2174341111321,12.6150253709913,1
922.69285760378,62.7270702776561,60.4055853941207,7.65979056369521,76.3471351843689,9.66258950071237,0,0,25.0485079046084,1
922.273264482376,68.7891678500381,57.1875078533293,9.58384448622642,82.3306421212918,12.7722945889172,0,0,7.52205657827961,1
918.700000000002,74.4440000000021,181,0.917145400000028,127.6,1.34216399999997,0,0,12.7200000000003,1
919.517596583516,75.6289488166039,120.844043785946,2.12428637587935,121.61857695677,2.79490384723641,0,0,14.1332887990863,1
916.540000000008,80.3839999999984,99.3,1.09610059999986,96.7999999999999,1.47638039999981,0,0,13.22,1
919.759618020604,69.7735241497791,120.201208926892,3.39915860315075,161.918308426843,5.08676557164224,0,0,19.6488531373141,1
919.840000000007,65.677999999998,64.9,9.48462559999975,74.7999999999999,10.8715283999999,0,0,18.11,1
919.337554578193,85.2920026937324,96.8107794272484,3.09676195075751,52.1610689636131,3.94878200792813,0,0,15.3384855841093,1
920.485608700721,74.1960374225241,57.1766460061504,5.55786329653855,73.5074845046127,6.71396704557406,0,0,14.9565442637943,1
923.107768093433,60.6016398114118,51.2085172105371,17.1888352018182,64.2473576776596,22.1957129243157,0,19.3483837170717,9.17563368767871,1
917.590000000001,82.6699999999999,170.9,3.60147340000003,183.4,4.71994339999998,0,0,13.88,1
921.569845904315,61.7912793255886,62.2061135669218,8.47833605979143,78.7949304912639,10.7809055382889,0,0,18.2315755685667,1
916.218401226377,79.5179100315049,96.7441945319523,2.20095178058504,136.275653521594,3.23471042572408,0,0,13.370537978178,1
920.508940033668,80.9889222420938,58.9035771042393,9.48231341723832,78.4823777774933,11.8218161370333,0,0,19.1719174745294,1
920.080777067159,60.966454006613,163.71308791632,2.75132947175408,190.116837012559,3.64500758862177,0,0,20.4813089031276,1
923.100000000003,75.5960000000034,178.3,1.4092721999999,205.2,1.85666019999998,0,0,11.8800000000006,1
920.856912938935,69.8843380576341,47.3359658335939,12.2386698413123,66.7291622904292,16.0678599119023,0,0,11.9568515026571,1
912.500000000005,57.3980000000056,123.7,2.6619585999998,133.8,3.86990620000005,0,0,67.2000000000001,1
913.930000000008,81.7519999999982,120.9,2.90802199999985,141.1,3.73568979999982,0,0,20.42,1
916.400000000007,78.5119999999996,182.5,3.91464499999984,191.6,4.63046579999986,0,0,34.71,1
920.000000000008,74.8939999999986,46.7,6.97925279999974,64.7999999999999,8.97012939999976,0,0,27.3600000000006,1
914.460000000007,76.8740000000002,113.6,1.29742519999984,132,2.08035419999988,0,0,56.3900000000004,1
913.830000000007,52.2860000000004,175.2,5.50287239999966,182,6.35290959999992,0,0,52.3700000000003,1
915.470000000004,64.9400000000048,174.4,1.29742519999991,219.9,1.92376839999997,0,0,50.2800000000003,1
919.880000000006,61.5020000000007,192.2,10.9162671999996,201.7,12.5716028,0,0,20.2200000000003,1
914.560000000013,76.2260000000024,173.3,6.64371179999937,185.4,8.05298399999977,0,0,25.8400000000011,1
914.960000000005,66.776000000005,172.7,4.9883761999998,183,5.8160440000001,0,0,27.4,1
916.400000000004,50.666000000003,134.3,1.00662299999972,172.3,1.49874979999989,0,0,91.1500000000001,1
917.150000000004,49.3700000000051,169,10.2004464,184.6,12.6610804,0,0,34.7000000000002,1
918.880000000007,60.6920000000003,178.8,4.36203299999964,185.4,4.92126799999991,0,0,34.7700000000004,1
917.300000000008,70.0880000000005,183.7,2.63958919999973,201,3.42251819999983,0,0,36.3800000000003,1
916.200000000007,82.8140000000039,55,6.95688339999975,91.4999999999999,9.43988679999999,0,0,48.9200000000005,1
915.290000000003,50.6120000000043,153.8,4.45151059999998,185.3,7.20294680000004,0,0,62.4600000000002,1
915.600000000013,69.5840000000023,185.5,4.63046579999937,198.2,5.48050299999977,0,0,28.9700000000011,1
925.740000000006,49.5500000000015,154.2,2.32641759999962,197.1,3.40014880000001,0,0,69.7799999999999,1
918.490000000011,69.5120000000025,149.5,1.92376839999944,155.5,2.70669739999977,0,0,52.400000000001,1
918.590000000003,51.0800000000041,78.1,4.69757399999995,91.4999999999999,5.72656640000005,0.0200000000004366,80,46.2300000000004,1
920.330000000007,68.864,122.4,2.03561539999986,182,3.08697719999986,0,0,52.3800000000003,1
921.240000000006,71.7800000000007,216.4,1.61059679999964,171.4,2.57248099999997,0,0,16.8300000000003,1
917.396617230739,78.6974677767415,134.909706800004,2.63733855852646,40.8516929405395,3.77111584083228,0,0,22.8159046094217,2
922.698232022417,60.2747979524099,137.924941657862,3.30054566938877,147.139294048877,5.14677771895239,0,0,19.8183735049127,2
919.500000000012,79.8619999999998,97.7,1.47638039999956,144.4,2.23693999999993,0,0,8.48000000000114,2
922.120000000008,55.5799999999995,51.9,14.2940465999998,72.1999999999999,19.0139899999999,0,0,19.1900000000007,2
919.660000000004,66.9200000000049,105.4,2.21457060000004,147,3.19882420000002,0,0,28.1400000000002,2
920.310000000006,83.138000000004,53.2,14.1598301999998,74.4999999999999,17.7389342,0,0,26.3900000000004,2
921.038077493461,51.3550080272172,46.527495161529,16.5418934695791,59.7337274956407,21.0310174686221,0,19.0264762805541,11.5954990323058,2
919.447816728083,61.5186601035227,53.1826479705229,14.4056268547679,72.1287417794153,17.6112667972,0,0,19.5391652808648,2
918.300061513806,55.4218015527397,89.9669856271028,4.85368583522619,96.1976761453944,7.46287837227361,0,0,18.9405809636517,2
916.720000000007,86.9359999999986,272,2.19220119999987,187.2,2.86328319999981,0.0300000000000864,40,29.05,2
922.180000000003,70.1060000000043,62.1,3.62384279999998,72.8999999999999,4.04886140000004,0,0,16.1200000000004,2
920.627326967863,78.6694449901754,95.5610917772642,2.90113595142742,124.866404925028,3.96854065400279,0,0,18.1040826681813,2
920.192029384943,67.3250128053338,152.757704923408,1.22471669312071,136.36590783204,2.06635343280232,0,0,14.0097534782847,2
918.977516202497,53.6358811848151,47.4890523734404,7.65012486326468,64.4867817204706,9.53536615761674,0,0,23.8993327248714,2
925.58827137166,66.3529883715582,56.0640565577471,17.5279324623195,67.9398801397883,20.9711832570105,0,0,14.4246214041563,2
918.865498721684,69.1690787523732,45.3671147250267,3.80870667071085,82.2479777508716,5.4499331698308,0,0,14.7548248381839,2
920.710000000009,50.4140000000004,45.7,16.2849231999998,58.3999999999999,20.7588032,0,20,11.43,2
921.360000000002,47.0480000000035,46,11.9452596,67.6999999999999,15.6362106,0,0,22.5200000000004,2
921.139955596708,61.7137564290409,110.375092506869,4.0255922249594,53.6288558353087,4.83177384541471,0,0,23.5824537465657,2
920.737447661805,70.9203551712725,41.535512793783,5.54451524416621,64.3737470923219,7.38019437521481,0,0,10.1000828907937,2
923.860558987049,58.2730147393415,53.2821492399512,14.09544370991,69.9271760477462,18.3914609940243,0,0,19.312291331157,2
917.785739233637,69.0567228059534,48.2881308274694,12.2218305646506,63.7059345862652,15.3325046959908,0,6.02967293132648,11.9844635197291,2
916.260000000013,79.7720000000021,185.7,3.51199579999936,201.5,4.1607083999998,0,0,27.6800000000011,2
925.280000000006,66.4700000000005,49.4,11.2294387999996,77.8999999999999,15.3454083999999,0,0,13.9300000000003,2
921.650000000003,62.8700000000022,56.7,10.7149426,77.2999999999999,13.7124422,0,0,21.1100000000004,2
918.800000000005,80.3840000000038,189.6,1.76718259999977,80.2999999999999,2.77380559999994,0,0,24.5900000000004,2
922.850000000008,63.0859999999989,47.7,15.4348859999998,64.9999999999999,19.3047922,0,0,15.67,2
920.230000000009,67.3159999999995,153.2,1.23031699999976,136.9,2.08035419999993,0,0,13.89,2
918.300000000003,64.0040000000046,71.7,6.62134239999994,82.4999999999999,8.03061460000004,0,0,8.73000000000034,2
919.320000000007,67.531999999998,142.6,1.09610059999975,124.1,1.74481319999989,0,0,16.7599999999999,2
918.400000000002,57.5600000000041,163.5,3.15408539999996,211.5,4.36203300000011,0,0,27.1900000000003,2
917.447472909962,75.7003020353096,147.950180600294,2.64351686956279,50.8480477264462,3.84954834588976,0,0,25.7883229550448,2
922.131441707751,59.9322738557625,166.237116584502,2.16778886835812,195.887627805166,3.04269066322386,0,0,12.0176840721781,2
919.490000000008,85.5499999999984,95.8,3.17645479999974,51.1999999999999,4.04886139999976,0,0,16.0800000000005,2
917.318987129667,74.0666077222066,177.170040108276,2.64317660613254,190.190297515173,3.28301697047247,0,0,12.9551061357251,2
915.300000000006,78.4040000000042,182.8,9.93201359999979,189,10.9833754,0.0200000000004366,170,35.1300000000003,2
915.010000000012,47.4979999999998,163.1,4.94363739999955,195.9,6.57660359999995,0,0,88.6000000000012,2
919.650000000002,77.0360000000015,70.6,3.82516739999999,85.5,4.76468219999997,0,0,22.0700000000002,2
920.820000000008,62.437999999998,213.6,2.61721979999964,165.7,3.31067120000004,0,0,43.6400000000002,2
911.000000000008,86.4319999999983,202.9,1.20794759999985,162.9,1.67770499999982,0,0,15.19,2
917.230000000006,67.6760000000039,177.8,2.46063399999976,93.1999999999999,3.28830179999991,0,0,40.6400000000002,2
914.490000000004,49.8920000000056,163,4.85415979999991,189.6,6.73318939999997,0,0,92.1000000000004,2
914.900000000007,78.6199999999991,203.3,1.81192139999987,240,2.75143619999983,0,220,47.8899999999998,2
915.840000000006,40.1180000000011,171.9,10.5359873999996,188,12.9295132,0,0,86.4300000000003,2
916.310000000002,45.4280000000026,183.1,8.34378619999989,194.6,10.0885994,0,0,86.1500000000005,2
918.700000000006,76.2260000000045,184.6,4.09360019999981,194.9,4.74231280000009,0,0,19.1699999999998,2
914.670000000009,64.1660000000004,137.8,2.12509299999972,177,2.72906679999979,0,0,58.5700000000005,2
914.660000000005,50.3600000000032,177.6,8.52274139999973,186.3,10.0214911999999,0,20,91.2200000000001,2
914.900000000008,64.6880000000009,174.6,5.65945819999974,184.5,6.86740579999988,0,0,43.3700000000003,2
914.540000000013,67.6580000000016,170.2,8.25430859999954,184.3,10.8491589999998,0,0,35.0500000000013,2
917.900000000007,65.6600000000002,183.7,6.06210739999984,188.5,6.50949539999988,0.0209999999999582,319,74.2200000000004,2
920.030000000002,66.9920000000037,172.5,2.46063399999988,168.1,3.31067120000007,0,0,29.8900000000003,2
916.180000000012,61.3040000000023,173.6,1.72244379999937,209.4,2.52774219999974,0,0,78.7800000000011,2
918.240000000005,61.9880000000049,78.4,4.45151059999991,45.0999999999999,5.83841339999997,0,0,60.6500000000004,2
917.020000000006,53.2580000000009,180.2,3.13171599999965,216.6,4.45151059999993,0,0,25.0900000000003,2
917.580000000013,69.3680000000021,180.7,6.95688339999938,191.7,8.63458839999977,0,0,28.630000000001,2
920.10000000001,53.4919999999985,186.1,13.4440093999997,193.8,15.3677778,0,0,31.47,2
915.570000000006,61.3400000000005,174.3,4.89889859999963,180.6,5.50287239999996,0,0,13.8900000000003,2
916.800000000003,65.4440000000046,164.4,3.55673459999993,196.6,4.71994340000004,0,0,21.6100000000003,2
917.460000000008,58.2979999999989,182.3,5.90552159999973,190.3,6.93451399999992,0,0,25.76,2
916.820000000008,50.2880000000006,73.7,2.68432799999973,90.3999999999999,3.42251819999989,0.470000000000027,1030,58.73,2
919.000000000011,68.1619999999991,98.6,1.72244379999953,126.4,2.30404819999992,0,0,34.6300000000011,2
913.300000000007,79.3759999999983,52.2,3.22119359999985,37.3999999999999,4.09360019999982,0,0,13.07,2
918.900000000007,77.5579999999985,212,1.18557819999986,154.1,1.83429079999984,0,0,62.0999999999999,2
917.400000000007,73.8679999999995,181.7,4.13833899999984,189.8,4.76468219999984,0.0500000000000682,460,58.9099999999999,2
916.450000000005,62.6540000000006,193.7,3.53436519999967,208.8,4.42914119999994,0,0,47.43,2
918.20000000001,65.9839999999982,172.5,2.88565259999964,210.3,3.75805920000003,0,0,13.8500000000001,2
920.700000000012,76.1720000000025,190.9,6.26343199999943,199.6,7.27005499999974,0,0,35.8500000000012,2
913.610000000008,79.6280000000004,180.5,3.2659323999998,187.9,3.7580591999999,0,0,12.7600000000006,2
916.040000000012,88.8440000000022,176,1.40927219999942,112.8,2.19220119999977,0,0,7.37000000000095,2
916.500000000007,76.9280000000046,159.1,1.2974251999998,206.2,1.92376840000001,0,0,42.5200000000002,2
916.270000000011,71.7260000000006,189.5,12.2136923999995,194.9,13.4440093999999,0,0,16.0900000000012,2
919.080000000001,72.7519999999998,166,2.46063399999999,198.9,3.13171599999998,0,0,41.9499999999999,2
913.060000000003,64.8140000000056,139.9,1.18557819999991,184,1.94613779999996,0,0,60.8000000000004,2
917.210000000008,75.4160000000002,173.5,2.30404819999983,194.5,3.15408539999988,0,0,48.5700000000004,2
915.560000000008,57.3080000000004,180,9.48462559999963,185.1,10.3794015999999,0,0,37.2100000000004,2
918.770000000001,68.6480000000015,160.3,2.14746240000003,198.4,2.95276079999996,0,0,34.0800000000002,2
916.790000000007,76.4240000000003,186.4,2.39352579999984,190.2,3.28830179999987,0,0,33.1100000000003,2
919.270000000003,50.0540000000051,37.8,2.93039139999999,63.8999999999999,3.95938380000002,0,0,70.7600000000002,2
915.700000000006,56.5340000000053,143.5,1.6329661999998,174,2.16983180000005,0,0,81.9900000000001,2
919.600000000006,46.9220000000001,205.6,16.2401843999997,214.7,18.0521058,0.0299999999997453,293,91.34,2
918.400000000008,60.925999999999,189.3,5.18970079999976,195.6,5.6818275999999,0,0,13.16,2
915.630000000012,72.3560000000025,165.3,3.80279799999945,179,5.25680899999974,0,0,52.3400000000011,2
924.140000000004,55.5620000000012,222.4,3.24356299999963,239.7,4.04886139999995,0.00999999999930878,140,90.66,2
917.800000000008,66.0020000000004,157,2.28167879999974,180.9,3.31067119999983,0,0,32.0600000000004,2
919.360000000007,48.739999999999,280.9,2.52774219999975,274.8,3.66858159999978,0,70,90.7000000000006,2
915.490000000008,59.3240000000005,162.1,3.37777939999972,180.8,4.5633575999998,0,0,66.4500000000005,2
922.890000000002,63.1760000000058,183.6,4.40677180000008,198.5,5.72656640000005,0,0,31.7400000000001,2
923.600000000002,40.6220000000039,130.9,1.72244379999997,163.1,2.75143620000007,0,10,79.2600000000003,2
915.500000000012,68.8100000000023,177.4,3.55673459999943,195.7,4.58572699999975,0,0,50.3600000000012,2
914.700000000009,63.5720000000003,171.9,8.56748019999972,182.8,10.6254649999998,0,0,51.6200000000005,2
917.4,70.3219999999997,176.2,6.12921560000004,184,7.13583859999997,0.0499999999997272,270,49.43,2
920.020000000002,49.9460000000049,183.4,8.38852500000007,193.7,9.82016660000005,0,0,50.3600000000001,2
922.320000000004,55.526000000001,215.9,9.39514799999964,228.5,10.849159,0.0200000000004366,60,91.12,2
916.450000000006,74.3180000000044,129.3,1.05136179999979,102.2,1.76718259999999,0,0,24.7500000000002,2
917.600000000012,74.9300000000022,63.9,11.6544573999994,84.6999999999999,15.0993449999998,0,70,53.8300000000011,2
917.560000000012,68.6120000000025,171.6,7.60559599999944,179.6,8.67932719999975,0,0,40.1400000000011,2
914.060000000008,68.6300000000004,180,3.98175319999985,200.2,5.07785379999989,0,0,59.2100000000005,2
923.820000000002,64.3640000000057,126.4,2.97513020000007,63.7999999999999,3.46725700000005,0,0,22.1900000000001,2
915.730000000003,45.7340000000023,182.2,7.31479379999994,190.1,8.50037199999998,0,0,90.6100000000005,2
929.320000000001,49.9820000000037,107.7,1.78955199999993,152.6,3.04223840000007,0,0,11.3400000000004,2
913.490000000008,51.097999999999,169.3,5.30154779999973,192.3,6.77792819999975,0,0,76.0500000000005,2
913.260000000007,48.2539999999973,235.9,11.4978715999997,252.6,14.1821995999999,0,150,89.75,2
918.55000000001,52.7539999999967,175.3,3.01986899999967,202.5,4.42914120000001,0,0,66.2000000000005,2
918.300000000001,51.8360000000015,203.5,1.67770500000003,189.8,2.2593093999999,0.0199999999999818,240,61.3800000000001,2
915.600000000006,77.9180000000051,35.1,3.51199579999979,50.1999999999999,4.45151060000004,0,0,24.7100000000002,2
916.750000000008,61.5740000000002,79.7,2.55011159999966,96.4999999999999,3.15408539999993,0,0,35.2400000000003,2
918.030000000009,44.0599999999972,165,7.51611839999962,186.8,9.90964420000006,0.0199999999999818,250,90.4300000000002,2
915.100000000007,89.7800000000054,159.5,2.63958919999979,189.2,3.75805920000004,0,0,30.2700000000003,2
917.090000000009,63.2660000000003,175.5,6.73318939999972,186.3,7.9635063999998,0,0,62.8200000000006,2
913.200000000009,63.3740000000007,178.8,7.22531619999974,189.7,8.50037199999986,0,0,49.1800000000003,2
918.100000000009,44.7259999999972,185.9,9.01486819999963,196.8,10.737312,0,10,87.2700000000002,2
916.300000000003,58.4960000000044,175,4.07123079999994,182.4,4.71994340000006,0,0,24.0500000000003,2
918.100000000004,61.9880000000047,191.1,11.0504836,199.4,12.7281886,0,0,19.2400000000002,2
919.920000000003,52.2140000000048,94.5,1.99087659999999,85.2999999999999,2.77380560000002,0,0,60.3300000000002,2
913.200000000008,39.0199999999997,185.8,8.8135435999998,200.8,11.0728529999999,0.00999999999999091,130,91.4200000000007,2
912.890000000011,45.3199999999997,213.4,21.2509299999995,220.5,23.5773475999999,0.0299999999999727,250,84.0900000000012,2
912.800000000003,42.5120000000045,190.8,11.3860246,198.1,12.7281886,0,0,89.7700000000002,2
917.120000000004,45.8960000000048,179.2,3.40014879999999,195,3.98175320000002,0,0,89.0300000000002,2
919.110000000004,58.4600000000045,38,2.16983179999997,60.0999999999999,2.81854440000001,0,0,32.7000000000002,2
917.700000000008,65.371999999998,85.9,3.06460779999976,90.5999999999999,4.54098819999985,0,0,22.93,2
917.850000000006,65.3720000000002,129.9,1.45401099999984,176.2,2.23693999999985,0,0,39.3700000000001,2
918.100000000002,49.9460000000024,124.3,1.45401100000004,144.1,2.23693999999998,0,0,91.8700000000001,2
916.320000000004,63.0320000000007,68.9,3.95938379999966,79.2999999999999,4.65283519999995,0,0,37.0500000000001,2
917.800000000011,75.9020000000019,161.9,8.74643539999937,183.5,12.5939721999998,0,0,42.0900000000009,2
911.450000000008,66.3260000000002,66.2,1.83429079999974,78.0999999999999,2.88565259999972,0,0,47.6100000000005,2
918.300000000001,78.8540000000015,88.4,2.84091380000002,108.4,3.93701439999996,0,0,15.7700000000002,2
916.500000000014,74.5880000000021,101.2,1.83429079999939,132.4,2.59485039999977,0,0,33.7300000000009,2
912.980000000004,46.9940000000048,190.2,5.65945819999989,202.6,6.82266699999999,0,0,91.3300000000002,2
912.300000000012,74.5520000000022,164.4,3.75805919999935,182.8,4.80942099999978,0,0,34.160000000001,2
924.16000000001,61.8799999999982,111.8,3.44488759999963,119,4.80942100000004,0,0,15.2100000000001,2
922.200000000007,58.2980000000011,41.3,4.67520459999964,55.7999999999999,5.74893579999999,0,0,32.4000000000002,2
915.300000000007,51.5120000000001,179.4,5.07785379999965,186.5,5.74893579999992,0,0,68.5200000000003,2
918.300000000004,64.886000000005,140.6,3.75805919999978,90.5999999999999,4.80942100000004,0,0,36.0400000000002,2
918.370000000008,65.3179999999989,188.3,6.21869319999974,209.7,7.56085719999992,0,0,20.46,2
921.090000000008,70.1240000000001,182.8,2.90802199999985,204.5,3.53436519999987,0,0,43.9500000000004,2
919.390000000011,65.8760000000022,184.8,3.95938379999936,192.8,4.80942099999975,0,0,48.170000000001,2
914.360000000012,59.9180000000024,175.3,4.87652919999945,187.8,5.86078279999976,0,0,74.2500000000012,2
919.010000000004,60.0440000000023,147.8,2.34878699999972,62.8999999999999,2.90802199999989,0,0,28.4700000000001,2
914.900000000004,72.1400000000046,89.8,1.58822739999991,59.0999999999999,2.28167879999999,0,0,18.7800000000005,2
918.360000000003,56.7140000000052,49.8,1.40927219999995,85.7999999999999,2.01324600000005,0,0,62.8900000000001,2
918.300000000006,83.8940000000041,62.2,2.70669739999978,74.5999999999999,3.35540999999994,0,0,19.1200000000004,2
918.260000000006,82.4000000000045,211.6,2.05798479999979,88.8999999999999,2.95276079999999,0,0,10.7600000000002,2
916.300000000008,63.3019999999981,184.8,6.12921559999966,201.2,7.69507360000004,0,0,13.8300000000001,2
918.650000000008,73.1840000000001,174.1,8.27667799999982,185.3,10.1557075999999,0,0,47.5300000000004,2
916.330000000011,68.4140000000024,170,6.24106259999943,183.5,7.58322659999974,0,0,31.2200000000012,2
922.100000000006,54.1400000000009,85,1.43164159999963,94.7999999999999,1.90139899999995,0.0399999999999636,600,90.84,2
915.200000000004,66.5600000000056,48.9,4.47387999999991,59.8999999999999,5.21207019999996,0,0,38.4000000000004,2
918.600000000011,56.9479999999998,157,1.54348859999954,160,2.34878699999998,0,0,64.7200000000012,2
917.100000000012,52.0880000000013,173.8,3.28830179999953,201,4.98837619999983,0,0,90.5800000000012,2
908.970000000004,48.6860000000048,147.7,8.00824519999984,183.1,10.5807262,0.160000000001673,330,91.8900000000002,2
917.180000000005,62.8340000000025,186.3,3.22119359999967,197.7,4.02649199999992,0,0,36.63,2
915.700000000002,60.5120000000023,79.1,8.2319392,88.2999999999999,9.43988679999998,0,0,16.7900000000004,2
923.630000000002,53.7440000000013,54.4,2.84091379999999,87.6999999999999,4.04886139999997,0,0,33.7200000000003,2
913.630000000009,45.356,185.6,9.64121139999976,197.2,11.7439349999999,0.0900000000000318,540,64.8999999999999,2
915.600000000007,70.2860000000048,121.7,1.76718259999982,165.3,2.52774220000004,0,0,52.3600000000003,2
916.230000000008,65.8220000000004,165.5,7.33716319999985,183,9.90964419999985,0,0,40.5100000000002,2
912.650000000009,68.2700000000006,123.2,1.67770499999971,175.3,2.68432799999977,0,0,53.1800000000005,2
917.290000000002,78.2060000000047,51.5,7.18057739999987,67.9999999999999,9.19382339999994,0,0,21.8700000000004,2
914.620000000006,66.1280000000044,172.4,7.65033479999982,187,9.5964726000001,0,0,46.6999999999997,2
912.990000000013,64.5800000000019,172.6,7.02399159999953,183.7,8.67932719999983,0,0,44.7800000000011,2
917.120000000012,57.3980000000001,136.7,1.49874979999956,100.2,2.1250929999999,0,0,51.0300000000011,2
915.500000000004,57.6320000000047,188.2,2.41589519999991,203.7,3.35540999999998,0,0,61.6500000000004,2
915.310000000011,78.8720000000023,212.4,1.65533559999947,189.8,2.08035419999975,0,0,26.9500000000013,2
914.130000000012,49.7119999999993,177.7,3.37777939999954,189.8,3.98175319999992,0,0,90.1100000000011,2
913.270000000006,40.1000000000011,190.4,12.9295131999996,201.4,14.9203898,0,0,81.4500000000003,2
914.400000000013,79.916000000002,174.4,3.93701439999937,190.8,4.89889859999978,0,0,25.3900000000011,2
915.300000000001,69.5300000000015,74.5,1.29742520000002,95.3,1.67770499999993,0,0,23.64,2
916.830000000006,80.7979999999984,193.8,1.94613779999986,218.7,2.68432799999983,0.0799999999999272,530,44.3799999999999,2
919.000000000012,69.8180000000021,238,1.67770499999936,269.3,2.16983179999975,0.07000000000005,270,69.990000000001,2
916.640000000008,68.8999999999978,195,2.95276079999972,208,3.66858159999992,0,0,26.01,2
918.000000000005,60.3140000000007,187.5,4.27255539999968,207.6,5.54761119999993,0,0,35.83,2
917.540000000001,77.5040000000001,150.7,2.14746240000002,207,3.44488759999997,0,0,35.4900000000001,2
921.160000000003,57.2000000000038,188.6,3.08697719999998,199.5,4.63046579999997,0,0,28.4300000000003,2
920.240000000006,74.4080000000041,173.1,6.48712599999978,180.7,7.35953259999999,0,0,27.8800000000004,2
918.350000000005,75.9200000000042,126.3,1.6105967999998,169,2.5724810000001,0,0,16.2199999999998,2
918.730000000002,53.9600000000045,184.1,5.59235000000004,195.1,7.09109980000006,0,0,33.7000000000005,2
919.480000000006,36.7520000000007,311.4,3.51199579999963,133.9,5.23443960000001,0.270000000000437,310,41.7599999999998,2
916.700000000012,49.8020000000011,171.7,6.4423871999995,199.8,9.10434579999984,0,20,80.1500000000012,2
917.850000000002,53.3120000000038,178.4,1.70007439999995,197.3,2.70669740000004,0,0,38.3600000000005,2
914.250000000003,52.5560000000046,179,7.96350639999994,188.9,9.37277860000004,0,0,49.7900000000003,2
918.000000000006,75.7400000000046,181.7,4.94363739999981,193.4,6.15158500000009,0,0,28.3799999999998,2
912.410000000008,47.4800000000005,61.4,8.63458839999973,73.3999999999999,10.6478343999999,0.100000000000023,400,73.83,2
914.430000000007,74.2459999999985,176.9,4.20544719999984,194.4,5.18970079999985,0,0,19.4499999999999,2
921.110000000005,41.2340000000009,197.1,17.7613035999997,114.7,20.356154,0,0,89.8399999999999,2
923.400000000003,42.6920000000051,192.9,2.57248100000001,87.2999999999999,3.46725700000005,0,0,72.5700000000002,2
916.620000000006,46.9220000000011,186.6,8.36615559999967,192.5,9.5741032,0,0,70.6100000000003,2
913.660000000008,80.2040000000002,146.6,2.3040481999998,145.3,3.06460779999989,0.00999999999999091,30,28.2600000000006,2
917.900000000011,76.8020000000023,154.1,2.55011159999944,199.4,3.40014879999976,0,0,30.3100000000012,2
921.360000000008,50.4499999999993,218.5,9.01486819999973,229.2,10.4688791999999,0.220000000000027,1070,80.6,2
914.900000000011,53.942000000001,164.5,4.0041225999995,185.2,4.98837619999984,0,0,75.7700000000012,2
916.030000000003,62.5100000000046,186.5,6.21869319999987,191.8,6.82266699999996,0,0,31.8500000000004,2
916.000000000008,58.1359999999992,178.6,11.4531327999998,188.5,13.8466585999999,0,0,36.2599999999999,2
923.600000000006,65.0300000000011,62.3,7.09109979999961,75.0999999999999,8.4108944,0,0,20.86,2
923.900000000002,62.6900000000046,95.4,2.95276079999995,74.0999999999999,4.63046580000005,0,0,30.8400000000004,2
917.010000000008,51.8360000000005,130.2,1.61059679999964,159.9,2.34878699999994,0,0,70.0100000000004,2
916.000000000007,81.5180000000042,98.4,1.70007439999977,99.5999999999999,2.50537279999999,0,0,21.3600000000004,2
916.180000000012,49.568000000001,181.6,7.2476855999995,191,8.92539059999983,0,0,83.6200000000012,2
913.490000000008,65.3900000000006,172.3,2.63958919999971,187.5,3.44488759999977,0,0,51.0600000000005,2
917.210000000007,82.7419999999998,171.6,2.77380559999985,204.3,3.62384279999986,0,0,24.6200000000001,2
917.10000000001,61.5019999999969,189.1,3.73568979999965,197.5,4.3396636,0,0,32.6800000000005,2
917.070000000003,47.102000000003,162.2,4.5409881999999,184.1,6.48712599999994,0,0,69.8700000000006,2
920.100000000004,58.8200000000013,134.5,1.72244379999964,137.8,2.66195860000004,0,0,54.6700000000003,2
916.480000000006,72.122000000005,170.6,4.69757399999981,182.7,5.86078280000011,0,0,36.2599999999999,2
919.170000000001,79.9879999999998,167,5.07785380000005,183.7,6.64371179999999,0,0,22.24,2
924.460000000005,53.456000000001,179.3,3.89227559999968,201.6,5.21207020000002,0,0,25.2099999999999,2
914.900000000006,75.0200000000051,167.2,4.1830777999998,180.7,5.39102540000004,0,20,38.7200000000003,2
914.210000000003,64.4720000000052,99.1,11.9676289999999,110.7,14.1598302,0.00800000000015189,34,44.4400000000003,2
915.220000000012,73.2920000000023,148.3,1.78955199999943,198.5,2.90802199999974,0,0,41.4000000000012,2
923.470000000006,53.0600000000007,29.9,4.42914119999966,60.6999999999999,6.46475659999997,0,0,31.8000000000003,2
921.050000000006,61.4480000000005,189,8.79117419999968,197.3,10.289924,0,0,27.6299999999999,2
919.110000000003,55.1660000000035,201.5,3.80279799999995,235.2,4.74231279999998,0,40,25.9800000000004,2
916.300000000011,68.7740000000026,67.6000000000001,4.11596959999946,78.9999999999999,5.18970079999974,0,0,42.5000000000012,2
916.200000000007,84.4879999999998,42.8,4.56335759999984,62.9999999999999,5.74893579999986,0,0,19.4,2
919.700000000006,72.0140000000042,178.8,5.30154779999979,196.2,6.77792819999995,0,0,36.7300000000004,2
915.100000000005,57.0380000000043,186.9,4.1159695999997,201.6,4.9436373999999,0,0,90.93,2
920.510000000009,47.983999999997,133.4,2.01324599999962,151,3.31067120000003,0,0,90.3900000000001,2
918.13000000001,49.3159999999995,308.1,10.2004463999998,184.4,13.0860989999999,0.0399999999999636,200,88.48,2
920.14000000001,64.057999999997,50.4,4.20544719999962,61.9999999999999,5.01074560000003,0,0,23.7800000000002,2
918.000000000012,66.7580000000026,171.6,5.70419699999943,180.3,6.75555879999976,0,0,54.2100000000011,2
917.400000000011,69.2779999999999,169.1,1.58822739999956,174.5,2.21457059999992,0,0,22.2400000000011,2
915.470000000005,79.5380000000048,68,2.99749959999981,88.3999999999999,3.8475368000001,0,0,44.7899999999998,2
912.060000000005,52.0340000000059,186.3,2.34878699999983,141.2,3.15408540000007,0,0,88.0100000000002,2
914.800000000005,71.2940000000046,69.1,2.0803541999998,61.4999999999999,2.9080220000001,0,0,24.3799999999999,2
915.900000000006,69.1340000000048,115.2,1.99087659999981,110.3,2.77380559999999,0,20,71.7300000000002,2
917.700000000003,59.4320000000052,90.2,1.65533560000006,120.8,2.34878700000002,0,0,23.5700000000002,2
915.140000000008,59.8100000000003,168.8,6.44238719999968,176.5,7.51611839999993,0,0,41.0700000000004,2
918.260000000005,49.8920000000006,72.7,4.42914119999971,109.2,7.33716319999998,0.0200000000004366,167,35.18,2
916.630000000003,81.2660000000047,128.1,1.00662299999987,135.3,1.58822739999995,0,0,23.3300000000004,2
919.120000000007,79.3400000000045,167.2,1.49874979999981,168.8,2.12509300000008,0,0,35.0899999999998,2
921.400000000008,75.2359999999986,60.9,4.02649199999977,75.9999999999999,4.92126799999993,0,0,15.0600000000007,2
916.000000000012,61.0160000000024,180.6,5.90552159999948,194.8,6.93451399999978,0,0,50.7700000000011,2
919.720000000012,73.4000000000021,109.9,1.85666019999944,83.6999999999999,2.57248099999977,0.00999999999999091,80,56.8000000000011,2
922.820000000008,55.093999999999,59.9,2.75143619999979,75.7999999999999,3.44488759999996,0,0,35.2099999999999,2
916.420000000011,46.5620000000002,168,7.02399159999956,182.9,9.46225619999989,0.572999999999979,1105,85.6300000000011,2
916.690000000005,79.2140000000044,18.4,1.65533559999985,66.3999999999999,2.48300339999998,0,0,21.4700000000003,2
918.460000000011,79.448000000002,177.9,2.93039139999937,187.6,3.48962639999979,0.0499999999999545,140,29.4600000000009,2
919.390000000001,67.0640000000023,170.8,5.45813360000003,190.5,6.86740579999997,0,0,20.1800000000002,2
916.260000000004,69.008000000004,68.6,2.70669739999976,79.4999999999999,3.26593239999991,0,0,42.7900000000001,2
916.830000000002,64.9940000000033,189.4,9.0819763999999,195.5,10.4465098,0,0,24.8600000000006,2
918.600000000006,40.2800000000007,163.8,3.15408539999962,198.2,4.51861880000002,0,0,39.7699999999998,2
917.180000000004,49.1900000000051,146.5,1.56585799999991,150.5,2.32641759999998,0,0,91.1100000000004,2
918.670000000007,71.9960000000041,177.2,2.72906679999976,197.3,3.5567346,0,0,32.5900000000004,2
913.770000000008,49.4239999999987,175.8,12.5716027999998,185.3,15.3677777999999,0,0,83.0600000000007,2
915.010000000013,60.6020000000023,179.8,6.35290959999947,194.5,7.67270419999978,0,0,51.9600000000011,2
915.130000000012,62.1500000000023,180.2,3.73568979999938,197,4.49624939999976,0,0,73.0000000000011,2
911.680000000008,62.8699999999985,180.2,11.0057447999997,186.9,12.7729273999999,0,0,26.2600000000007,2
920.180000000009,53.2940000000004,60,5.23443959999968,41.1999999999999,6.35290959999991,0,0,80.1500000000004,2
922.400000000009,47.6959999999971,170.7,2.52774219999961,172.1,3.51199580000002,0,0,88.2600000000001,2
918.000000000007,82.3639999999996,109.4,1.81192139999985,162.4,2.63958919999986,0,0,26.92,2
914.970000000008,67.0460000000007,191.9,3.28830179999974,203.2,3.84753679999985,0,0,26.4700000000004,2
920.610000000009,65.0299999999984,191.2,2.55011159999961,194.7,3.75805919999995,0,0,20.0300000000006,2
915.600000000008,69.2060000000005,178.7,2.57248099999973,183,3.24356299999983,0,0,38.5700000000004,2
917.640000000006,77.846000000004,186.9,3.62384279999977,194.8,4.11596959999994,0,0,30.7600000000004,2
919.000000000002,63.4640000000015,96,0.782929000000023,105,1.23031699999992,0,0,28.43,2
916.040000000008,51.8179999999981,177.8,4.09360019999978,189.8,4.76468219999984,0,0,77.49,2
917.35,77.7560000000001,40.5,2.05798480000002,96.7,3.86990619999997,0,0,26.3900000000001,2
916.860000000011,79.3220000000026,96.2,1.76718259999943,134.7,2.57248099999974,0,0,38.7700000000012,2
919.710000000007,43.6820000000008,210.3,5.01074559999966,225.4,6.57660359999999,0.00999999999999091,200,82.1500000000003,2
910.450000000002,47.822000000001,171.9,14.428263,188.7,18.0744752,0.0100000000002183,75,91.7900000000003,2
916.840000000003,55.2740000000046,51.7,4.94363739999994,71.8999999999999,6.24106260000006,0.0100000000002183,110,20.9200000000002,2
913.650000000006,65.6780000000052,166.1,8.88065179999979,182,11.9676290000001,0,0,42.4400000000001,2
919.4,79.1779999999995,150.1,2.41589520000002,180.7,3.57910399999997,0,0,35.4,2
919.970000000003,64.1840000000022,185.5,0.738190199999941,215.2,1.31979459999999,0.010000000000332,10,32.7000000000004,2
915.200000000004,59.9720000000046,168,1.99087659999998,186.2,2.46063400000001,0,0,35.9200000000002,2
912.000000000008,56.1379999999982,137.3,3.08697719999974,166.4,3.84753679999975,0,0,75.5200000000005,2
915.930000000004,68.1980000000055,186.7,2.08035419999982,171.9,2.61721980000006,0,0,48.8400000000001,2
917.000000000003,51.2960000000053,151.7,3.06460779999998,183.2,4.85415980000002,0,0,23.2900000000002,2
918.000000000006,71.3120000000042,156.9,2.95276079999981,183.9,4.16070840000009,0,0,35.1699999999998,2
918.600000000006,72.8240000000048,186.2,6.30817079999981,191.8,7.00162220000006,0,0,22.5,2
920.740000000004,59.0900000000021,180,8.99249879999963,194,10.7596814,0.0800000000001546,520,35.26,2
912.900000000013,78.332000000002,167,7.82928999999953,177.1,9.88727479999983,0,0,28.860000000001,2
913.850000000006,79.7359999999994,191.7,3.10934659999983,207.8,3.98175319999985,0,0,21.4799999999999,2
911.600000000008,46.3460000000003,110.2,2.30404819999965,96.0999999999999,3.15408539999992,0,0,90.5100000000003,2
913.870000000012,66.9380000000025,171.9,6.50949539999945,182.3,7.47137959999975,0,0,57.4300000000012,2
917.130000000008,80.2400000000001,183.3,1.6329661999998,38.4999999999999,2.25930939999989,0,0,28.2600000000006,2
916.600000000005,71.0960000000055,189.3,3.06460779999982,200.8,3.89227560000005,0,0,45.5900000000002,2
912.600000000006,58.4060000000054,172.7,3.82516739999982,189.1,4.76468220000004,0,0,64.8400000000001,2
