air_pressure_9am,air_temp_9am,avg_wind_direction_9am,avg_wind_speed_9am,max_wind_direction_9am,max_wind_speed_9am,rain_accumulation_9am,rain_duration_9am,relative_humidity_9am,relative_humidity_3pm
923.040000000008,60.6379999999988,51,17.0678521999997,63.6999999999999,22.1009672,0,20,8.90000000000005,1
920.502751175919,70.1388948683005,198.832132717464,4.3373630561627,211.203341243256,5.19004536021938,0,0,12.1891018687644,1
915.59886751328,70.0433043168624,177.875407186599,3.74558653772448,186.606695875868,4.58963242869943,0,0,10.6574216578226,1
922.383131199392,70.8652634902663,36.174174777425,1.84727808422022,58.4286324883041,2.5291420736989,0,0,12.1108893352946,1
921.125625973345,68.8187718944121,71.7990922763454,2.57653776671464,95.4723335617643,3.48744358739647,0,0,11.7422012298629,1
921.788228916268,71.659572209907,217.405520149395,1.94644650607438,253.7580029795,2.71971165867611,0,0,11.1942497727609,1
923.600000000002,59.8820000000033,192.8,4.29492479999991,203.5,5.18970080000008,0,0,22.4700000000004,1
916.050000000005,87.1880000000049,210,1.5658579999998,109.3,2.59485040000011,0,0,12.8799999999999,1
920.230000000009,67.3159999999995,153.2,1.23031699999976,136.9,2.08035419999993,0,0,13.89,1
921.900000000009,65.8759999999985,199,4.49624939999966,207.2,5.32391720000002,0,0,10.3500000000001,1
922.360000000008,74.3359999999992,166.9,4.18307779999975,210,6.9121446,0,0,12.4799999999999,1
922.928408958627,68.9214655643745,54.6661112123626,9.78740740018564,82.6213410869456,13.3346885608227,0,0,8.08280065385967,1
917.800000000008,73.7779999999993,181.9,0.939514799999804,185.3,1.54348859999982,0,0,11.4799999999999,1
917.762580732123,82.0643341313786,110.257852368425,2.23450814584762,129.779879544535,3.20625448827962,0,0,16.578661965925,1
917.268305604766,85.6616297571622,266.493461913668,2.15805805735826,194.702511379885,2.82914005735825,0.0311741019374562,70.5266503719893,31.2185662783487,1
918.884691221882,72.8998777781229,163.515192901471,1.02657754315161,196.157263072146,1.48219381775001,0,0,18.9187648875089,1
918.850336146548,74.0846394129743,69.4484491747872,3.41640548455701,103.058915228815,4.74852632177649,0,0,11.0793155226348,1
927.610000000002,54.8960000000035,55,4.98837619999992,53.3999999999999,7.20294680000006,0,0,13.5100000000004,1
921.874478403971,68.0938479498513,70.9086537312092,2.14658555040553,96.0953036744281,2.89129467129145,0,0,12.4794452123367,1
919.560000000007,78.4760000000041,179.3,5.95026039999975,192.2,6.9792528,0,0,20.1900000000004,1
919.447816728083,61.5186601035227,53.1826479705229,14.4056268547679,72.1287417794153,17.6112667972,0,0,19.5391652808648,1
918.122967314842,69.6873731003009,224.594883693272,3.65013424988663,242.077668495871,4.77407905580441,0,0,17.1085399021414,1
922.711440670759,47.5211101642601,198.591949144401,6.11125372969422,215.425805071836,7.45194855312961,0,0,50.7518390322923,1
919.56133269064,69.1655206497228,137.144875638807,1.3828941853983,123.019030656538,2.0316067853985,0,0,15.9354466403358,1
923.18778266195,56.5327437544121,50.0936937817427,7.69557064919402,56.9979578933886,9.42723629339201,0,0,13.4969165167514,1
919.900000000005,56.0480000000008,58.8,3.86990619999968,70.2999999999999,4.54098820000002,0,0,18.9499999999999,1
921.700000000003,53.5640000000033,48.2,5.25680899999996,64.3999999999999,6.80029759999998,0,0,19.8900000000004,1
926.177368159633,66.0685681125081,56.8207787652322,16.9966739830754,69.3013096344282,20.4969782925955,0,0,14.586780577993,1
918.320000000002,55.454000000005,47.9,6.46475660000007,63.5999999999999,7.85165940000003,0,0,24.2800000000003,1
915.696838732209,86.2397505643289,234.18956637366,1.7429519894812,125.503025578804,2.50300398661278,0,0,8.81040244644552,1
917.706223618099,81.4513334868718,121.881811604319,1.73464161254123,83.9506211613678,2.42770359673129,0,0,15.9051083503939,1
917.700000000006,74.7860000000046,40.2,6.66608119999974,59.4999999999999,8.2990473999999,0,0,22.3300000000001,1
919.903080864679,55.9646977750501,48.1055949174904,8.82866056291736,64.134546785475,11.0341915835387,0,0,20.4353750429293,1
922.170000000004,56.6960000000023,48.4,12.2136923999996,64.8999999999999,15.5914718,0,0,14.93,1
919.477927109483,68.0600429854772,47.04658845067,10.567383294021,64.8812472957368,13.6928726045645,0,6.53411549330048,9.37442419707694,1
918.876744819335,77.0837052985861,183.377677205019,4.32486905886094,193.009675026549,5.06360032020859,0,0,10.0738220297929,1
918.140000000008,79.1059999999982,244.3,2.28167879999975,230.5,2.88565259999977,0,0,20.1300000000005,1
918.309540582038,75.0523878135813,183.267714193869,2.01333741059034,187.579523656448,2.66530328257217,0,0,10.6754622389008,1
921.126863363804,48.6142841615046,42.3551878002816,11.3135682005628,65.4671420758481,15.0339001958855,0,0,28.2433402379364,1
917.807539483777,79.4621999716894,126.24236151891,1.46576404160146,70.0017183329786,1.96225087040201,0,0,14.869578592174,1
920.480998146898,65.5192357016942,111.747920527307,3.77668494998372,52.2704786361387,4.58609913245166,0,0,22.8960397363468,1
915.610000000005,69.3140000000024,46.7,10.9162671999997,64.4999999999999,14.2045689999999,0,10,8.30000000000008,1
921.445510111166,62.9320805390367,65.0469386325537,9.13401800687643,80.4816317953221,11.659020577022,0,0,16.5414304477327,1
920.850000000008,57.3980000000003,47.5,9.12671519999975,58.8999999999999,10.6030956,0,0,13.49,1
916.581503907028,75.2246624270233,177.443701348345,6.69002581522457,185.46776356291,7.53528201017721,0,0,15.4887473192039,1
921.391319227806,68.22350764874,199.189402415182,4.53861758386139,208.444644442625,5.40260097002896,0,0,10.4528184539561,1
915.265390374798,80.3132874502265,147.997702495813,1.38172148796057,145.486318749322,1.83871630646552,0,0,19.2990518751733,1
915.101901435936,73.2116702592406,210.438988251519,1.35957033794878,126.306814469571,1.98878506315629,0,0,22.7612052950925,1
919.710000000012,70.2859999999998,149.3,2.79617499999956,233.4,5.14496199999995,0.171000000000049,999,12.2100000000011,1
922.850000000008,63.0859999999989,47.7,15.4348859999998,64.9999999999999,19.3047922,0,0,15.67,1
921.461165172356,63.1163285668902,65.0710233420771,9.38454163993958,80.6261400524621,11.9970927915319,0,0,16.2253186352391,1
922.754220659327,50.310938890704,47.7712669970118,13.4503835366665,67.9999553544374,17.7612769681481,0,0,28.347413919487,1
915.710000000006,86.3420000000048,234.3,1.7448131999998,125.5,2.5053728000001,0,0,8.67999999999988,1
917.803773600585,77.0278834952158,178.478373614306,5.3529334986548,192.95315752022,6.3666098242615,0,0,19.9366651977444,1
917.300000000004,73.6160000000023,147.7,2.41589519999969,175.2,3.46725699999992,0,0,12.9900000000001,1
913.970000000013,72.8240000000018,219.7,1.49874979999953,125.9,2.19220119999983,0,0,25.9200000000011,1
917.955833175061,78.3830144412864,40.3989813583766,5.73771024954525,57.794445499629,7.19263270562263,0,0,19.4248721677019,1
921.910250435975,53.6020940817997,47.6303716621386,12.127611779295,65.7978997275049,15.6058185701175,0,0,17.3639496184869,1
926.762031681606,54.7048842977861,54.0243342529445,5.02689100710966,54.9782828261192,7.14517458933545,0,0,14.4254040391495,1
918.694866756976,74.6757729606176,36.5382674630024,2.64439972858381,69.2869350326645,3.47907585892003,0,0,10.8395362804991,1
920.519457466034,81.3717456550001,159.72253539945,2.61443922261779,190.369373524138,3.53945482640635,0,0,15.8221543122198,1
919.707341804638,68.2772227126346,228.931265859008,3.95103064028143,245.824683313222,5.18327310091763,0,0,14.7652404648597,1
920.003890159199,69.317912722222,197.605720695256,4.67085357364562,210.027917511371,6.04716036750342,0,0,13.7667049918787,1
924.940000000008,57.1639999999998,53.2,14.0256137999998,69.4999999999999,18.6560796,0,0,19.24,1
924.789567960168,71.2052067778853,227.901844054773,2.52280101237386,222.916570087138,3.37379875273929,0,0,15.1391991492112,1
918.026453370532,73.4418955237475,182.932945198882,1.36609383381889,185.856201260936,2.03227707625087,0,0,10.4192447380714,1
916.630000000008,65.2279999999995,188.5,1.1855781999998,225.7,1.83429079999992,0,0,15.0900000000007,1
917.200000000012,74.1379999999997,176,3.06460779999956,191.4,3.71332039999993,0,0,13.3200000000011,1
922.183846349229,54.7905884936959,48.073338652035,6.61114473472621,65.0839712790108,8.52863399787237,0,0,19.4061536507741,1
914.131735948655,82.5831521084255,120.810339578379,2.57708977715726,139.239546251363,3.39974345256872,0,0,19.9111771073006,1
920.000000000004,68.054000000002,197.1,4.67520459999964,209.6,6.15158499999999,0,0,14.5,1
916.737056519026,77.3766741097983,184.193505729432,3.33413799839243,201.332611747715,4.04837715687959,0,0,31.2160768295301,1
922.808445487988,60.0641812921099,136.52777021673,3.37898095784047,148.027201031069,5.26836437943519,0,0,19.829257129467,1
914.106588093524,73.7672458534618,219.063026679298,1.50315661783463,124.809921946015,2.21864210701036,0,0,25.0636977214494,1
920.535407098756,68.6893051794945,47.556514796693,13.0049285375638,65.8739408132282,16.7235315558342,0,0,10.2891035310573,1
919.579752141585,68.5687629697194,71.3236023112995,5.44257173593353,80.3827630010596,6.48347810341287,0,0,9.02170820874335,1
922.918740487265,59.5288227739997,45.5093642977397,17.6829231863428,61.0487181318091,22.0310657508253,0,0,12.9652731402272,1
923.994653249525,71.8625589486354,227.537589676848,2.99423245476023,227.539024506414,3.95725919696786,0,0,15.6189545637307,1
920.518968080461,68.6617068374788,55.4163053338457,15.9571619786025,74.7051171775555,20.6446668361677,0,0,14.4505722807081,1
919.643997739733,64.2371580326915,88.5894656901099,16.0476746943064,112.331312867806,19.9542340135642,0.510196144950553,1510.90678732505,18.2725089477888,1
922.717976713591,72.0557052872475,67.9193231388861,6.52273958506984,92.2171761234541,8.32862091704992,0,0.644104629533544,12.9978602814922,1
920.563080074709,73.2546960324705,68.4509118454152,4.49162974690025,99.3006415631282,5.95255328197166,0,0,12.1028436491601,1
922.163428541292,60.7377665836249,62.9966711024896,5.58310956949533,75.0916154788648,6.74218097708247,0,0,26.8120969822808,1
919.190000000008,73.9039999999978,68.8,3.19882419999974,103.8,4.4515105999999,0,0,11.4899999999999,1
921.139955596708,61.7137564290409,110.375092506869,4.0255922249594,53.6288558353087,4.83177384541471,0,0,23.5824537465657,1
920.660000000008,70.5559999999987,47.3,11.9228901999998,66.8999999999999,15.7480575999998,0,0,11.5900000000001,1
923.720000000004,58.2080000000048,191.2,4.83179039999998,99.4999999999999,7.49374900000003,0,0,20.9400000000002,1
919.738160585388,67.4327443006116,147.470881543995,1.15777533449612,129.981819222938,1.89900003624083,0,0,15.4411858461069,1
918.977516202497,53.6358811848151,47.4890523734404,7.65012486326468,64.4867817204706,9.53536615761674,0,0,23.8993327248714,1
922.141662165278,66.7704276607664,149.642642226808,3.60257120500528,178.113963340212,5.0383491756409,0,0,11.4807164237878,1
920.860000000008,66.937999999999,75.4,2.68432799999975,88.9999999999999,3.44488759999991,0,0,17.45,1
921.615698415598,76.0290755246311,173.821184745309,1.36787203059561,202.905069869497,1.84010013223833,0,0,14.7893791654443,1
921.480230558685,59.6836886299451,47.1296834644832,16.5772720619514,60.8017298336404,20.1119595311782,0.0026512960881195,42.6512960881219,17.0946979226671,1
922.808885572329,68.7455510262039,198.270947401879,4.19182464181634,209.192743768196,5.23693869766192,0,0,11.9782174691362,1
918.865498721684,69.1690787523732,45.3671147250267,3.80870667071085,82.2479777508716,5.4499331698308,0,0,14.7548248381839,1
917.61000000001,73.0219999999982,42.3,4.33966359999955,64.1999999999999,5.59234999999994,0,0,6.09000000000101,1
922.174130567082,62.2675835594038,47.9662515947884,16.5527604427446,63.6687420260579,20.4089222848421,0,0,15.094486937419,1
922.702458837994,56.9941083408854,46.272825704583,6.00459850164205,58.3015636453711,7.92499948800891,0,0,14.4126050127454,1
923.480000000008,64.4719999999995,52.4,9.48462559999977,67.7999999999999,12.079476,0.0499999999999545,100,12,1
920.372656569366,75.5683753924782,183.709305991644,3.1683168867222,191.76751252425,3.87547001115589,0,0,12.7482236990746,1
914.200000000014,72.3920000000019,212.9,2.25930939999954,227.2,2.95276079999983,0,0,23.0300000000011,1
916.720000000007,86.9359999999986,272,2.19220119999987,187.2,2.86328319999981,0.0300000000000864,40,29.05,1
921.772168250893,47.9424140408282,44.6619514508423,12.9398805962784,66.8301574234088,17.0876589104954,0,0,32.6878379861028,1
920.110350173742,74.8187079352237,237.455209235825,2.36133341055931,239.560445578012,3.04496182111909,0,0,16.129951755734,1
921.433165783975,64.6347758087467,72.4034958010339,5.02405164664923,92.623515364071,6.93651756523201,0,13.8649441744752,9.22056997329239,1
922.18000000001,75.2179999999984,146.3,0.961884199999566,95.5999999999999,1.54348859999996,0,0,14.650000000001,1
919.407404511001,64.496477349154,54.7105280158114,8.38148586110755,68.6270341882864,10.3207999317419,0,0,16.7193789177156,1
919.561376073297,61.8557197995937,55.9887824952466,6.97129233650664,69.149956475328,8.51419255921169,0,0,17.416608633771,1
922.2212035849,69.736578335042,53.3777060147855,16.9082036845033,72.3875202491148,21.4434278803133,0,0,9.87010098248178,1
922.990000000006,55.7600000000007,41.2,9.28330099999964,66.0999999999999,12.1018453999999,0,0,16.8200000000003,1
918.846598183232,74.938012503522,185.395861246661,3.06333563712281,189.244245940516,3.83191118855142,0,0,8.69174631544128,1
921.689358252582,65.9503395683896,73.3550771555556,2.94674594792687,93.3463038265582,3.92509373243335,0,0,10.8455239809214,1
920.277416872081,74.3617174481613,199.548982101717,4.59909143087035,211.76567775039,5.58247313852244,0,0,10.9338741626818,1
916.510000000007,82.2200000000002,154.2,2.21457059999981,81.5999999999999,3.08697719999988,0,0,26.7400000000004,1
917.318987129667,74.0666077222066,177.170040108276,2.64317660613254,190.190297515173,3.28301697047247,0,0,12.9551061357251,1
922.357267009775,74.358711915091,166.88901695514,4.17919256269487,209.959132856335,6.90357422359218,0,0,12.4902678698458,1
921.320000000005,60.6740000000006,110,4.09360019999968,53.9999999999999,4.89889859999992,0,0,23.7700000000001,1
920.920000000006,74.2100000000006,60.9,8.45563319999966,76.2999999999999,10.6702038,0,0,15.7400000000003,1
918.944562105414,62.3535133132245,165.627566566105,3.51270506493154,189.121440662526,4.6576313475631,0,0,23.2970494097609,1
918.326884454048,74.3630205403493,70.4477660422867,3.75171726559465,101.916838808815,5.20625351493899,0,0,10.4464148398853,1
921.350000000006,61.8080000000006,64.9,7.60559599999963,79.5999999999999,9.59647260000012,0,0,18.47,1
920.70121139682,73.8531314783589,61.1917181375817,8.23690610612293,76.4566634442567,10.3825957981068,0,0,15.9026058507634,1
919.300000000001,63.6080000000024,171.9,4.18307780000004,194,5.74893579999997,0,0,18.5300000000002,1
921.170000000009,70.3219999999982,52.1000000000001,17.6941953999997,70.4999999999999,22.1904447999999,0,0,9.42000000000069,1
923.8916608008,56.9868798753694,51.3833833371147,13.3398707568584,67.7590756980681,17.4962426011066,0,0,17.6088296214509,1
918.273968886736,55.5835867900711,47.8521276422035,6.50347288327946,63.6313011570207,7.91220507704334,0,0,24.3838461915282,1
920.759139874448,66.6875482260059,197.934219642243,4.17135779263973,210.517641606467,5.05058642095396,0,0,13.5990427863778,1
921.264865999957,76.3728360677936,226.356699058358,1.90919112901665,249.387781027098,2.58027312901703,0.0397320471090589,293.033224836393,47.0250910104938,1
924.571260179009,60.4212402562396,161.768827313603,1.9954691615036,167.097738857857,2.98458508510383,0,0,10.0187096724376,1
920.811168887207,74.4839731998324,204.483735506732,4.45679608736332,220.888954434585,5.60223330683953,0,0,21.9809455097378,1
915.576939290285,73.7534353715065,182.389302086896,9.33340190233756,193.381521786456,10.8946913352059,0,0,31.6299772960463,1
922.730000000009,72.2299999999993,67.9,6.53186479999977,92.1999999999999,8.32141679999998,0,0,13.07,1
920.897662302519,66.5287859626602,198.122180130317,4.07929333836529,210.715248839593,4.84264381703043,0,0,13.3827096559048,1
916.500000000007,85.5859999999996,121.1,1.29742519999983,80.5999999999999,1.74481319999987,0,0,15.9199999999999,1
918.400000000002,57.5600000000041,163.5,3.15408539999996,211.5,4.36203300000011,0,0,27.1900000000003,1
919.90757872772,63.8584445820022,74.0288866880404,7.89479523705318,81.7560500857648,10.3170412847092,0,0,11.9451574554338,1
920.192029384943,67.3250128053338,152.757704923408,1.22471669312071,136.36590783204,2.06635343280232,0,0,14.0097534782847,1
921.559753985231,70.9458668828601,166.212920088324,3.97513662138001,210.303123490445,6.39681211385535,0,0,15.4526310296335,1
920.736640702005,69.5320769560828,183.126655247533,4.01966629439024,189.555221481271,4.80268241649442,0,0,14.5923648578976,1
915.62563314631,77.3011367472616,209.222279709545,1.76015283838999,233.52237308359,2.39814239821143,0,0,20.406008556811,1
921.591567362941,59.4285550679229,49.6230246737674,16.4751429117326,64.1872409922991,20.7127027289168,0.00357836814656728,47.1567362936292,15.9842679107313,1
921.61337253065,68.658972565101,70.7035554621347,2.24893157454922,96.8447011960462,3.04304912088379,0,0,12.383206793771,1
920.986186534733,57.0736449901738,71.7392712880389,2.82100459096764,63.4742376232822,3.42570041318103,0,0,21.9058518813962,1
917.895732351597,74.8313161528029,282.297189752846,1.93764156857654,229.278661757944,2.64280278958345,0,0,17.0766543948608,1
918.174955641638,73.221486889789,183.610323979368,1.64583334567515,186.220943681198,2.35281193358618,0,0,9.72362883657184,1
923.770000000002,71.7800000000041,197.5,3.8699061999999,211.3,5.14496200000007,0,0,13.7000000000003,1
918.125062235076,68.2441497729443,54.6622555050986,16.2509116756442,73.23721105148,20.7047461102776,0,0,16.8369723713009,1
916.029175219532,87.1361830462385,211.488359310312,1.57681889045448,110.292239540208,2.58936995477277,0,0,12.6227527117979,1
918.840000000008,68.9539999999995,45.8,3.8922755999998,82.4999999999999,5.56998059999983,0,0,14.7399999999999,1
920.280000000009,74.0299999999969,120.9,2.23693999999965,119.8,2.88565260000003,0,0,13.4800000000003,1
920.862910432983,74.0146569947839,210.7392472053,1.57364519108537,254.006744507265,2.32465354876228,0,0,12.0101219838292,1
921.727033512247,61.2496174315076,56.5014511411809,10.2417652959665,76.7739116441143,13.1227900396095,0,0,17.9185520773563,1
920.340430562814,67.2812226224231,196.693374605532,4.6392438037943,209.023159324127,6.06062533900995,0,0,15.2536754404437,1
923.394623971262,62.2310392166469,44.9311662810435,15.0051754697974,63.5209747700081,19.2648777006653,0,0,10.9409164022591,1
918.321574714996,71.8311416163771,144.03259146182,2.64818025109162,39.7712623512067,3.86257113941072,0,0,23.1792592981196,1
921.17000000001,69.5479999999983,37.1000000000001,2.34878699999958,65.0999999999999,3.33304059999994,0,0,18.970000000001,1
925.290000000009,68.3599999999982,39.9,14.0703525999996,55.8999999999999,19.5284861999999,0,0,13.9900000000006,1
918.845566333226,80.229373262683,189.159276449182,1.91589890582883,77.4913210998743,2.96930905822468,0,0,24.9724584034218,1
920.767570579408,51.4119513647953,35.9227684549772,10.327253488297,61.5213079399393,14.1461696490617,0,0,39.1891367381667,1
920.423862879329,70.8600579930892,198.973954374256,4.38891561841625,211.300843632301,5.2594430401761,0,0,11.9506642082824,1
920.828413636887,69.815763316967,48.6316427102201,12.8165316532598,65.1766976691268,16.2562066616575,0,0,13.9360411277114,1
920.650000000004,51.8180000000051,34.9,10.0214912,60.8999999999999,13.8019198000001,0,0,39.9500000000002,1
918.790000000001,61.808000000004,162.9,3.22119359999994,187,4.18307780000012,0,0,25.3700000000003,1
923.051873414024,68.1943223203919,227.295374009166,2.47447780082463,253.566743392271,3.2768455261086,0,0,10.1455339538957,1
920.971398046767,68.2538228810711,192.154375460234,2.24827862346163,221.680186993743,3.12588054543838,0,0,18.6420529473474,1
918.894229797665,64.734424495423,171.527752701159,2.88200231288165,191.258973063543,3.68861516619534,0,0,10.8627964541186,1
922.872788846704,62.7794083305883,45.4520186652529,14.9831921578666,63.6192488047646,19.1197878419219,0,0,10.448563488129,1
919.090796366432,74.9020192756752,221.198708716318,2.01585086261086,243.457306419671,2.69408610402443,0.0272088810370824,204.066607778304,39.6886374149698,1
924.670000000009,59.917999999999,163.2,1.74481319999976,165.6,2.66195859999989,0,0,9.90000000000005,1
917.735011374547,81.7833354681888,123.988543412209,2.23728170265974,45.148599750381,3.0091683787681,0,0,17.4116052772917,1
916.990000000008,75.0739999999983,73,4.60809639999974,98.9999999999999,6.37527899999991,0,0,8.83000000000067,1
922.120000000008,55.5799999999995,51.9,14.2940465999998,72.1999999999999,19.0139899999999,0,0,19.1900000000007,1
916.100000000002,82.4540000000012,180.7,3.55673460000002,210.8,5.30154779999993,0,0,19.3400000000001,1
918.300061513806,55.4218015527397,89.9669856271028,4.85368583522619,96.1976761453944,7.46287837227361,0,0,18.9405809636517,1
921.862506840693,61.4066874349083,75.1524965494139,2.55063182112172,62.9518810082845,3.07034550749347,0,0,21.6302701649151,1
919.460000000001,71.8160000000023,56.7,8.81354360000003,74.6,11.1623306,0,0,10.4000000000003,1
924.790000000009,68.3059999999985,56.5,14.9874979999997,76.9999999999999,19.6179638,0,0,10.9700000000001,1
916.540000000008,80.3839999999984,99.3,1.09610059999986,96.7999999999999,1.47638039999981,0,0,13.22,1
919.759618020604,69.7735241497791,120.201208926892,3.39915860315075,161.918308426843,5.08676557164224,0,0,19.6488531373141,1
919.840000000007,65.677999999998,64.9,9.48462559999975,74.7999999999999,10.8715283999999,0,0,18.11,1
920.485608700721,74.1960374225241,57.1766460061504,5.55786329653855,73.5074845046127,6.71396704557406,0,0,14.9565442637943,1
923.14046962414,58.2345193409911,47.6659760597201,10.3519342071997,65.705018448523,13.109225387454,0,0,17.216162540716,1
923.621725959459,71.6334564787671,197.484268006308,3.90157857337147,211.233139026811,5.18455246671454,0,0,13.7314639873835,1
920.508940033668,80.9889222420938,58.9035771042393,9.48231341723832,78.4823777774933,11.8218161370333,0,0,19.1719174745294,1
920.080777067159,60.966454006613,163.71308791632,2.75132947175408,190.116837012559,3.64500758862177,0,0,20.4813089031276,1
920.9004345098,64.1480022588899,127.750847662468,2.63524903702595,49.3525053392811,3.3105953531968,0,0,16.5405638611044,1
923.100000000003,75.5960000000034,178.3,1.4092721999999,205.2,1.85666019999998,0,0,11.8800000000006,1
924.017856259531,68.3703068965938,56.3040829315205,15.1627998908655,76.585116796161,19.8035775667991,0,0,11.5992395258226,1
916.260000000013,79.7720000000021,185.7,3.51199579999936,201.5,4.1607083999998,0,0,27.6800000000011,1
920.856912938935,69.8843380576341,47.3359658335939,12.2386698413123,66.7291622904292,16.0678599119023,0,0,11.9568515026571,1
921.530000000004,77.7020000000024,97.1,3.26593239999968,125.9,4.45151059999994,0,0,14.56,1
917.600000000008,74.119999999998,179.1,2.14746239999973,190.7,3.4672569999999,0,0,11.69,1
920.100000000004,58.8200000000013,134.5,1.72244379999964,137.8,2.66195860000004,0,0,54.6700000000003,1
924.110000000004,55.1840000000031,212.3,3.6685815999999,226.6,4.67520459999994,0,0,48.6800000000004,1
918.9,76.874,343.4,2.86328320000003,147.8,3.66858159999996,0,0,32.2800000000002,1
916.750000000008,54.5720000000006,233.5,1.52111919999973,231.8,2.28167879999976,0,0,89.8400000000006,1
916.280000000002,47.8580000000039,52,10.6254649999999,68.3999999999999,13.6900728,0,0,57.7000000000005,1
914.700000000009,63.5720000000003,171.9,8.56748019999972,182.8,10.6254649999998,0,0,51.6200000000005,1
918.20000000001,65.9839999999982,172.5,2.88565259999964,210.3,3.75805920000003,0,0,13.8500000000001,1
919.300000000005,64.2200000000041,182.2,10.7596813999998,186.5,11.7886737999999,0,0,34.6300000000004,1
916.100000000008,51.2239999999983,199.9,3.26593239999976,220.1,4.02649199999976,0,0,88.4300000000005,1
914.950000000005,39.5240000000007,274.2,2.16983179999969,263,2.86328319999997,1.75000000000068,6160,91.23,1
912.650000000009,68.2700000000006,123.2,1.67770499999971,175.3,2.68432799999977,0,0,53.1800000000005,1
918.300000000001,51.8360000000015,203.5,1.67770500000003,189.8,2.2593093999999,0.0199999999999818,240,61.3800000000001,1
918.690000000006,48.9020000000008,200.4,4.47387999999963,222.1,6.0844768,0,0,77.7000000000003,1
918.600000000011,56.9479999999998,157,1.54348859999954,160,2.34878699999998,0,0,64.7200000000012,1
918.600000000005,64.3820000000048,177.1,2.46063399999991,190.7,3.06460779999998,0,0,34.9800000000004,1
919.110000000003,55.1660000000035,201.5,3.80279799999995,235.2,4.74231279999998,0,40,25.9800000000004,1
921.090000000008,70.1240000000001,182.8,2.90802199999985,204.5,3.53436519999987,0,0,43.9500000000004,1
920.400000000008,79.1780000000005,205,1.65533559999976,233.7,2.37115639999991,0,0,40.0400000000005,1
914.250000000003,52.5560000000046,179,7.96350639999994,188.9,9.37277860000004,0,0,49.7900000000003,1
918.030000000009,44.0599999999972,165,7.51611839999962,186.8,9.90964420000006,0.0199999999999818,250,90.4300000000002,1
915.700000000002,60.5120000000023,79.1,8.2319392,88.2999999999999,9.43988679999998,0,0,16.7900000000004,1
913.270000000006,40.1000000000011,190.4,12.9295131999996,201.4,14.9203898,0,0,81.4500000000003,1
917.000000000001,77.8639999999997,234.7,1.16320880000003,250,1.61059679999997,0,0,30.8200000000001,1
916.070000000006,77.6660000000034,198.1,2.32641759999977,216.7,3.06460779999992,0.390000000000555,900,28.4500000000005,1
921.240000000006,71.7800000000007,216.4,1.61059679999964,171.4,2.57248099999997,0,0,16.8300000000003,1
922.880000000008,53.744,186.9,2.81854439999976,223.2,3.66858159999998,0,0,28.68,1
914.950000000008,47.209999999998,183.9,7.62796539999978,191.2,8.61221899999985,20.0199999999996,11650,90.6800000000001,1
919.000000000002,63.4640000000015,96,0.782929000000023,105,1.23031699999992,0,0,28.43,1
923.400000000003,42.6920000000051,192.9,2.57248100000001,87.2999999999999,3.46725700000005,0,0,72.5700000000002,1
912.300000000012,74.5520000000022,164.4,3.75805919999935,182.8,4.80942099999978,0,0,34.160000000001,1
916.790000000007,76.4240000000003,186.4,2.39352579999984,190.2,3.28830179999987,0,0,33.1100000000003,1
918.940000000006,68.8100000000006,248.2,3.35540999999964,59.6999999999999,4.54098819999996,0,0,25.9800000000004,1
916.700000000005,69.4760000000012,302.1,2.10272359999964,292.8,2.9303914,0,0,19.3600000000001,1
918.070000000002,51.7100000000023,242.4,2.52774219999994,271.6,3.64621219999999,0,0,80.4700000000004,1
916.180000000012,61.3040000000023,173.6,1.72244379999937,209.4,2.52774219999974,0,0,78.7800000000011,1
916.100000000012,76.3520000000023,138.6,5.03311499999942,161.6,5.77130519999977,0.894000000000005,2981,30.930000000001,1
920.930000000009,63.8239999999986,196.4,7.6503347999997,204,8.56748019999999,0,0,20.6300000000001,1
909.860000000009,54.1399999999974,159.7,18.7231877999997,187.9,24.4721236,9.04999999999984,17704,90.0000000000005,1
914.860000000008,48.0379999999986,183.6,5.05548439999958,193,5.99499919999994,0,0,78.9900000000006,1
913.660000000008,80.2040000000002,146.6,2.3040481999998,145.3,3.06460779999989,0.00999999999999091,30,28.2600000000006,1
913.630000000009,45.356,185.6,9.64121139999976,197.2,11.7439349999999,0.0900000000000318,540,64.8999999999999,1
917.400000000011,69.2779999999999,169.1,1.58822739999956,174.5,2.21457059999992,0,0,22.2400000000011,1
916.45000000001,46.0219999999988,194.8,5.14496199999959,207.8,6.17395439999993,0,0,78.010000000001,1
918.030000000003,50.6660000000051,128.9,2.5277421999999,117.4,4.00412259999995,0,0,76.8800000000003,1
917.090000000009,63.2660000000003,175.5,6.73318939999972,186.3,7.9635063999998,0,0,62.8200000000006,1
914.600000000007,62.3660000000045,200.4,1.5882273999998,235,2.1027236,0,0,86.6000000000002,1
917.120000000012,57.3980000000001,136.7,1.49874979999956,100.2,2.1250929999999,0,0,51.0300000000011,1
917.390000000011,49.7839999999998,204.1,1.27505579999955,211.8,2.01324599999997,0,0,73.1500000000012,1
911.680000000008,62.8699999999985,180.2,11.0057447999997,186.9,12.7729273999999,0,0,26.2600000000007,1
923.800000000008,59.9719999999981,209.4,3.04223839999963,242.1,4.33966360000005,0.17999999999995,1350,32.3000000000002,1
919.080000000001,72.7519999999998,166,2.46063399999999,198.9,3.13171599999998,0,0,41.9499999999999,1
919.390000000011,65.8760000000022,184.8,3.95938379999936,192.8,4.80942099999975,0,0,48.170000000001,1
915.630000000012,72.3560000000025,165.3,3.80279799999945,179,5.25680899999974,0,0,52.3400000000011,1
921.110000000004,63.9680000000049,36.1,3.28830180000003,57.1999999999999,4.02649200000003,0,0,26.6000000000001,1
918.380000000001,64.1660000000018,195.8,5.0107456,205,5.95026039999996,0,0,16.3000000000003,1
914.840000000003,47.3540000000054,190.9,3.7133203999999,204.4,4.65283519999996,0,0,92.3000000000004,1
915.500000000012,68.8100000000023,177.4,3.55673459999943,195.7,4.58572699999975,0,0,50.3600000000012,1
916.310000000006,79.5019999999996,175.7,6.71081999999984,187,8.14246159999985,0,0,24.1599999999999,1
919.390000000001,67.0640000000023,170.8,5.45813360000003,190.5,6.86740579999997,0,0,20.1800000000002,1
917.230000000006,67.6760000000039,177.8,2.46063399999976,93.1999999999999,3.28830179999991,0,0,40.6400000000002,1
916.320000000004,63.0320000000007,68.9,3.95938379999966,79.2999999999999,4.65283519999995,0,0,37.0500000000001,1
915.300000000006,78.4040000000042,182.8,9.93201359999979,189,10.9833754,0.0200000000004366,170,35.1300000000003,1
918.260000000005,49.8920000000006,72.7,4.42914119999971,109.2,7.33716319999998,0.0200000000004366,167,35.18,1
919.760000000009,64.8139999999967,214,4.29492479999964,232.1,6.12921560000004,0,0,31.4900000000004,1
917.700000000008,65.371999999998,85.9,3.06460779999976,90.5999999999999,4.54098819999985,0,0,22.93,1
917.900000000009,51.3859999999995,219,5.56998059999976,240.8,6.97925279999989,0,0,69.06,1
918.460000000011,79.448000000002,177.9,2.93039139999937,187.6,3.48962639999979,0.0499999999999545,140,29.4600000000009,1
922.820000000008,55.093999999999,59.9,2.75143619999979,75.7999999999999,3.44488759999996,0,0,35.2099999999999,1
915.220000000012,73.2920000000023,148.3,1.78955199999943,198.5,2.90802199999974,0,0,41.4000000000012,1
919.740000000002,57.5060000000044,212.9,1.96850719999996,245.8,2.81854440000007,0,0,37.4400000000004,1
920.900000000002,60.3140000000022,214.5,2.30404819999994,239.3,2.88565259999999,0,0,62.4400000000004,1
918.730000000002,53.9600000000045,184.1,5.59235000000004,195.1,7.09109980000006,0,0,33.7000000000005,1
915.170000000011,51.1700000000001,235.3,1.56585799999955,237.4,2.41589519999997,0,0,89.8500000000011,1
917.4,70.3219999999997,176.2,6.12921560000004,184,7.13583859999997,0.0499999999997272,270,49.43,1
917.240000000003,45.4820000000037,153.8,7.22531619999998,77.9999999999999,10.5583568,0.0600000000004002,740,55.8800000000004,1
922.890000000002,63.1760000000058,183.6,4.40677180000008,198.5,5.72656640000005,0,0,31.7400000000001,1
916.350000000002,44.7080000000057,176.1,9.52936440000005,187.3,11.8110432000001,0.0199999999995271,220,92.1900000000001,1
915.310000000011,78.8720000000023,212.4,1.65533559999947,189.8,2.08035419999975,0,0,26.9500000000013,1
923.300000000005,58.8740000000013,69.8,8.12009219999961,86.5999999999999,10.0214912,0,0,33.05,1
923.600000000002,40.6220000000039,130.9,1.72244379999997,163.1,2.75143620000007,0,10,79.2600000000003,1
914.000000000008,66.6499999999985,173.8,8.36615559999977,181,9.43988679999991,0,0,30.9200000000006,1
917.900000000011,76.8020000000023,154.1,2.55011159999944,199.4,3.40014879999976,0,0,30.3100000000012,1
915.200000000004,59.9720000000046,168,1.99087659999998,186.2,2.46063400000001,0,0,35.9200000000002,1
912.900000000013,78.332000000002,167,7.82928999999953,177.1,9.88727479999983,0,0,28.860000000001,1
917.700000000008,56.2640000000002,199.3,3.55673459999985,211.8,4.69757399999986,0,0,75.1600000000003,1
913.000000000008,52.3219999999993,174.8,5.95026039999975,184.5,7.27005499999992,0,0,79.9100000000007,1
917.300000000008,70.0880000000005,183.7,2.63958919999973,201,3.42251819999983,0,0,36.3800000000003,1
916.040000000012,88.8440000000022,176,1.40927219999942,112.8,2.19220119999977,0,0,7.37000000000095,1
923.210000000004,43.8620000000036,264.5,1.25268639999995,203.3,1.96850719999999,0.724999999999682,5558,85.0000000000004,1
915.490000000008,59.3240000000005,162.1,3.37777939999972,180.8,4.5633575999998,0,0,66.4500000000005,1
916.260000000004,69.008000000004,68.6,2.70669739999976,79.4999999999999,3.26593239999991,0,0,42.7900000000001,1
916.270000000011,71.7260000000006,189.5,12.2136923999995,194.9,13.4440093999999,0,0,16.0900000000012,1
918.710000000009,49.5679999999993,241.6,1.81192139999972,227.4,2.37115639999994,0,0,90.3500000000006,1
917.650000000006,84.2720000000047,204,1.05136179999981,242.5,1.61059680000009,0,0,16.6799999999999,1
919.000000000004,61.2500000000011,182.2,5.61471939999964,191.5,6.73318939999999,0,0,32.1600000000001,1
917.130000000008,80.2400000000001,183.3,1.6329661999998,38.4999999999999,2.25930939999989,0,0,28.2600000000006,1
918.55000000001,52.7539999999967,175.3,3.01986899999967,202.5,4.42914120000001,0,0,66.2000000000005,1
920.14000000001,64.057999999997,50.4,4.20544719999962,61.9999999999999,5.01074560000003,0,0,23.7800000000002,1
917.120000000004,45.8960000000048,179.2,3.40014879999999,195,3.98175320000002,0,0,89.0300000000002,1
917.800000000011,75.9020000000019,161.9,8.74643539999937,183.5,12.5939721999998,0,0,42.0900000000009,1
920.400000000006,59.540000000001,277.8,1.94613779999961,257.4,2.48300339999999,0.8599999999999,6950,43.63,1
922.570000000005,45.6259999999999,182.8,5.21207019999969,191.4,6.0173686,0,0,85.71,1
920.510000000009,47.983999999997,133.4,2.01324599999962,151,3.31067120000003,0,0,90.3900000000001,1
922.180000000007,42.4760000000014,195.4,7.13583859999962,208.5,8.45563320000001,0,0,84.0799999999999,1
919.420000000006,53.1140000000012,199.6,5.88315219999962,211,7.13583859999999,0,0,67.9100000000002,1
912.000000000008,56.1379999999982,137.3,3.08697719999974,166.4,3.84753679999975,0,0,75.5200000000005,1
920.350000000009,46.8679999999981,181.3,7.42664079999959,193.7,9.23856219999996,5.55999999999995,5820,91.2400000000005,1
913.070000000008,57.6140000000002,217.2,2.55011159999973,239.7,3.22119359999975,0,0,76.6700000000006,1
917.860000000005,66.7760000000045,207.6,1.52111919999979,241.5,2.3040482000001,0,0,51.97,1
920.500000000008,40.8380000000002,185.3,5.56998059999974,203.3,6.9792527999999,0,90,70.31,1
917.290000000002,78.2060000000047,51.5,7.18057739999987,67.9999999999999,9.19382339999994,0,0,21.8700000000004,1
918.940000000002,46.6340000000049,260.2,2.77380560000005,287.2,4.00412260000002,0,0,76.0200000000001,1
918.580000000007,76.9820000000042,150.7,1.31979459999976,182,1.94613779999999,0,0,15.5400000000004,1
917.200000000006,65.2640000000041,137.6,1.76718259999975,176.7,2.55011159999991,0,0,58.3700000000001,1
916.800000000003,65.4440000000046,164.4,3.55673459999993,196.6,4.71994340000004,0,0,21.6100000000003,1
916.300000000008,63.3019999999981,184.8,6.12921559999966,201.2,7.69507360000004,0,0,13.8300000000001,1
915.300000000007,51.5120000000001,179.4,5.07785379999965,186.5,5.74893579999992,0,0,68.5200000000003,1
911.600000000008,46.3460000000003,110.2,2.30404819999965,96.0999999999999,3.15408539999992,0,0,90.5100000000003,1
914.630000000005,55.4000000000041,191.1,5.36865599999971,199.6,6.42001779999986,0.0400000000007594,380,91.49,1
918.300000000004,64.886000000005,140.6,3.75805919999978,90.5999999999999,4.80942100000004,0,0,36.0400000000002,1
916.480000000006,72.122000000005,170.6,4.69757399999981,182.7,5.86078280000011,0,0,36.2599999999999,1
925.740000000006,49.5500000000015,154.2,2.32641759999962,197.1,3.40014880000001,0,0,69.7799999999999,1
916.170000000005,56.5700000000017,239.1,7.71744299999966,254.7,9.66358079999993,1.63000000000022,1860,70.8,1
914.870000000007,53.0779999999993,210.8,1.3869027999998,142.5,2.03561539999982,0,0,81.4000000000001,1
917.447472909962,75.7003020353096,147.950180600294,2.64351686956279,50.8480477264462,3.84954834588976,0,0,25.7883229550448,2
917.200000000007,75.5060000000042,177.6,7.40427139999976,182.9,8.20956979999999,0,0,14.3500000000004,2
923.054433023642,65.1635702241293,151.842543965489,3.54404549357856,181.171008101814,4.94376453848197,0,0,11.9997909251093,2
920.969243150126,69.0119310284792,197.202837469509,4.46816747586053,210.037059245413,5.89278859482604,0,0,14.2943250609821,2
919.660000000004,66.9200000000049,105.4,2.21457060000004,147,3.19882420000002,0,0,28.1400000000002,2
923.610000000002,58.4060000000022,47.7,10.6030956,67.0999999999999,13.6229646,0,0,17.9800000000004,2
916.258308673554,74.5930133926265,181.852429703746,8.76824011460949,193.188037304676,10.2392685482742,0,0,29.6669244806833,2
920.33059589022,72.2424906483287,149.918829133908,2.81538737612784,179.096480430278,3.96359576428042,0,0,18.8347206454167,2
917.670000000003,43.8620000000037,192.9,5.83841339999995,206.4,7.27005499999997,0,0,85.1800000000005,2
921.09000000001,72.409999999997,180.2,1.27505579999964,189.6,1.90139900000002,0,0,17.3000000000003,2
922.639489086677,72.4800316259792,68.5161726060634,5.10628710082421,75.8432037864383,5.95270085656307,0,0,10.8181349664249,2
922.821310351213,67.8133014399465,55.7576583162107,9.55524500042584,68.8572785042659,11.5588919773328,0,0,14.8922277402062,2
921.574114667946,75.2506105283777,225.302206860738,1.96329605258651,251.344776726157,2.6486619877993,0.0357430134581134,268.072600936094,43.5290751170126,2
923.833996226097,68.3998621887099,57.1257479247425,13.0978212402556,78.7034249062432,17.1683828151466,0,0,9.77760256562978,2
920.957021189953,65.2369571120897,75.1213018360105,3.89111664645439,92.4847308117021,5.18746680903647,0,0,9.16114873687777,2
919.090000000006,76.7660000000047,166.2,1.29742519999981,199,1.81192140000012,0,0,19.7399999999998,2
922.273264482376,68.7891678500381,57.1875078533293,9.58384448622642,82.3306421212918,12.7722945889172,0,0,7.52205657827961,2
915.836125758105,70.5523365576696,178.217735796425,3.33739821215165,186.363765214366,4.14272100095854,0,0,10.9153861554527,2
915.374595121703,72.9948172460428,214.893054309403,2.20083932908967,231.104426065142,2.8906363496581,0.00653460429311927,49.0095321984391,27.030811478467,2
919.320000000007,67.531999999998,142.6,1.09610059999975,124.1,1.74481319999989,0,0,16.7599999999999,2
918.700000000002,74.4440000000021,181,0.917145400000028,127.6,1.34216399999997,0,0,12.7200000000003,2
921.168738635906,63.9841053260603,75.0259074681293,4.71812661174279,91.2464610402871,5.96482483971621,0,0,10.4645915563463,2
920.844324383308,69.7458300361858,48.757448612155,12.9009577295421,65.0138900313287,16.3042136462102,0,0,14.157681525532,2
922.180000000003,70.1060000000043,62.1,3.62384279999998,72.8999999999999,4.04886140000004,0,0,16.1200000000004,2
918.370000000004,63.9140000000025,53.7,14.4506323999997,72.0999999999999,17.0454827999999,0,0,19.6800000000001,2
918.800000000005,80.3840000000038,189.6,1.76718259999977,80.2999999999999,2.77380559999994,0,0,24.5900000000004,2
916.986006489711,75.8438206680399,150.238951156932,1.30391353998878,142.624694429932,1.88900319602841,0,0,17.4300983946019,2
916.870000000007,67.603999999998,66.3,4.40677179999975,79.1999999999999,5.34628659999988,0,0,18.75,2
923.552178638784,71.0922902050113,197.67472301702,3.94286391572934,210.822423753478,5.16580706163705,0,0,13.3097852619881,2
920.930000000007,75.433999999998,40.2,2.14746239999972,65.0999999999999,2.97513019999991,0,0,15.09,2
921.565442356086,64.3435908061662,65.2314497785837,11.0532606948277,81.5886986715019,14.2489663548485,0,0,14.1197216560896,2
922.187875173527,56.8639740570787,48.3815990860793,12.298367980222,64.9026287019886,15.6890839272008,0,0,14.9494523947162,2
922.858110117249,64.9893607901515,63.4830468933119,10.2611871752062,73.1705039273086,11.9492056880415,0,0,14.5251086400794,2
919.721008002923,70.2349850446951,118.161587019447,3.32550979082819,161.676002750261,4.96445992068158,0,0,18.7833775497216,2
920.670000000003,66.0560000000036,137.5,1.83429079999989,46.7999999999999,2.43826460000007,0,0,12.5700000000004,2
919.862225167083,75.4080573448536,220.859705155394,1.64403621737501,159.964219741196,2.55576129131234,0,0,14.7994638538291,2
924.390226490481,66.0990871543035,63.3111541948455,9.6501786146221,72.4516289182534,11.3160256843595,0,0,13.0935339735723,2
915.300000000004,80.2760000000043,148.7,1.34216399999972,145.6,1.7895519999999,0,0,19.2700000000001,2
917.650000000007,82.4360000000042,108,2.21457059999976,62.7999999999999,2.84091379999999,0,0,7.1300000000004,2
915.820000000007,62.4919999999992,45.3,8.5674801999998,65.2999999999999,11.1399611999998,0,0,29.9200000000001,2
920.715531913315,62.8157915071643,116.131280879312,3.87276050376818,51.2807596100225,4.7710440390238,0,0,24.0523160404881,2
916.472388218546,75.9300744959892,177.855503260135,4.9001033253861,193.524122011543,5.90216862090893,0,0,19.7446135052085,2
920.667617655367,68.3953422564775,196.16481573568,4.14640585269757,212.353598111609,5.48913382206115,0,0,15.9157650668179,2
921.569845904315,61.7912793255886,62.2061135669218,8.47833605979143,78.7949304912639,10.7809055382889,0,0,18.2315755685667,2
918.902090516717,73.5024959456659,177.328028519846,0.95851076631633,128.828393336886,1.43966807774562,0,0,12.8745398068988,2
920.201585991789,57.8102370614035,80.480355234787,5.38511666984316,93.97028883782,7.43525955266715,0,0,14.3792333952514,2
922.542989053604,67.9060574184184,198.484233379467,4.28088478962786,208.609762096123,5.2623844541795,0,0,11.5018787858572,2
919.610000000002,70.2500000000037,119.4,3.40014879999987,162.6,5.07785380000009,0,0,19.6400000000004,2
919.235152568006,65.9511124417707,194.3433328628,2.94201868627103,216.569792401875,3.65881037488633,0,0,14.0735035540757,2
921.68481739933,61.0538886148834,55.9590570454367,10.9939139003681,75.8641260713441,13.9529152908841,0,0,17.7413045064967,2
919.288658531022,77.3495142851968,165.874922403792,1.42064165489341,198.5485033386,1.96947686691322,0,0,19.447430163413,2
920.770000000004,70.7180000000022,181,4.40677179999969,188.2,5.07785379999991,0,0,13.16,2
920.288154912912,75.7652368630875,91.578831664582,1.27115043064307,88.194484365701,1.89749363064312,0,0,13.2228815845622,2
920.935243296655,64.8842062953205,47.927046249409,15.0116453023722,64.3188612517729,18.627607083796,0,0,9.89545705669774,2
920.527758707527,60.4333692233317,55.1938329513595,12.4827926426958,73.4278515123195,15.318981880856,0,0,18.1363726169286,2
923.780000000002,64.4540000000043,150.3,4.00412260000003,179.1,5.56998060000006,0,0,10.9700000000004,2
919.500000000012,79.8619999999998,97.7,1.47638039999956,144.4,2.23693999999993,0,0,8.48000000000114,2
922.355359164409,59.8194529132862,53.3967002157989,14.1928163006769,70.5228411221542,18.0224701237499,0,0,19.4130961899031,2
921.160291324155,75.1894177166766,225.537540334963,2.17327441024738,250.63815186865,2.91776277101472,0.035138440722599,263.538305419732,43.5711984769578,2
921.507308049021,73.1911562166277,165.548739531225,3.39092492734568,206.179194536566,5.57799239342465,0,0,13.8079628744861,2
917.33441085369,67.003168458046,66.1548716082241,4.73837195122825,79.241465254793,5.7868742135203,0,0,18.7209743216448,2
919.413809467881,67.509733137294,143.692725669741,1.10993660996014,125.419517789875,1.77940322490087,0,0,16.4641393705513,2
923.018549964785,70.3305324254479,152.563542146049,3.05969603860011,181.274779995297,4.26903762495611,0,0,22.8596841746828,2
921.500000000007,62.9960000000006,74.6000000000001,5.27917839999965,90.2999999999999,6.42001780000009,0,0,11.9599999999999,2
918.511139618964,77.6243996684321,127.561512312345,2.13071480864017,45.5852959492865,2.8581986122404,0,0,16.13129142141,2
919.576336622175,63.6019539640194,72.856680063842,6.08601331682522,85.6110705165403,7.38821970019053,0,0,10.0183022780035,2
922.302774167898,69.0281820407631,197.807809615127,3.97318894606927,210.992190384873,4.98429995055862,0,0,13.5563555129408,2
922.060000000006,61.7540000000012,56.2,10.4241403999996,76.9999999999999,13.42164,0,0,17.7000000000002,2
924.722874964885,61.1280828331967,40.6734357841525,8.57656546580099,65.4298273616485,11.4486504365738,0,0,17.2077427407609,2
920.396217032343,72.2204433256343,226.992919938414,3.07760686862073,249.101917842785,4.06626499314884,0.0189675562398247,142.256671798814,30.4363975558122,2
920.992757290378,63.4855222773864,163.569123235789,1.40101039276202,195.12850486025,2.01407027965986,0,0,13.9237018506883,2
921.763401667462,66.0224665654725,73.1765018608455,2.85126473442591,93.4334137264168,3.79746068173309,0,0,11.015823835145,2
918.981213404727,79.7690627085771,187.847280183857,2.35861461157847,69.1301245615308,3.55130610960348,0,0,26.1110043150261,2
922.698232022417,60.2747979524099,137.924941657862,3.30054566938877,147.139294048877,5.14677771895239,0,0,19.8183735049127,2
919.036412776374,74.2149877822087,108.755538297748,2.92441001270063,59.4756314899094,3.61835696629142,0,0,13.4160786372622,2
921.159382070174,66.4358285397953,207.428901126333,2.86867113493735,232.391120442072,3.82348629451949,0.469525894319051,1455.97237330187,44.4268370160782,2
919.3224913343,72.2093725646678,181.438638989608,2.7169116808986,186.786607700152,3.3552867108516,0,0,12.3412072193985,2
922.412658689933,64.0185369309522,127.981695263461,3.25091611913167,102.552787816084,4.84472324506715,0,0,15.9826103839528,2
924.100000000002,64.7060000000035,62.9,10.5807261999999,72.4999999999999,12.3926476000001,0,0,13.0500000000004,2
920.320000000004,65.462000000002,48,14.8756509999996,64.0999999999999,18.4100162,0,0,8.04000000000001,2
920.225445990265,75.2401692326797,213.627641578705,3.01616503354734,222.478617921065,3.87170466052144,0,0,23.2774177290818,2
920.217105596039,56.6458378227392,73.9205545078888,3.99282572808905,63.7761868916227,4.79859578827469,0,0,22.9147242851995,2
918.781407842031,75.2646835998939,291.543217203588,2.09638310840214,153.093070250176,2.80339689275139,0.0139370817505154,18.5827756673004,22.6837300671054,2
917.400000000003,61.9160000000045,251.8,1.76718259999993,267.4,2.32641760000005,0,0,20.5600000000002,2
921.933298402703,64.6182692196922,73.213445111374,3.81559198132138,92.0331936107825,4.73350099966881,0,0,12.2849738020218,2
917.397349400784,79.2446779074122,97.2677643833464,1.11030681606334,95.5933601026118,1.54267607496277,0,0,13.3681838470476,2
913.320000000004,79.2140000000041,95.9,2.84091379999971,129.1,4.1159695999999,0,0,17.6900000000001,2
920.970000000008,59.7199999999988,55.5,12.0794759999997,73.6999999999999,14.9651285999999,0,0,17.8200000000001,2
922.980000000006,63.3740000000006,125.3,3.64621219999966,98.5999999999999,5.41339480000011,0,0,15.84,2
923.757467155188,70.9215008452819,195.458708709576,5.09049851588437,218.792178114992,6.46314964033471,0,0,17.415920606986,2
920.631997681081,68.6195406743923,192.664515353402,3.95758809977012,221.738631737008,5.10617133743388,0,0,15.4556647627382,2
919.517596583516,75.6289488166039,120.844043785946,2.12428637587935,121.61857695677,2.79490384723641,0,0,14.1332887990863,2
920.627326967863,78.6694449901754,95.5610917772642,2.90113595142742,124.866404925028,3.96854065400279,0,0,18.1040826681813,2
925.550000000006,50.9180000000008,32.6000000000001,5.41339479999965,57.4999999999999,8.12009220000007,0,10,29.09,2
922.593064124066,68.2165083193614,56.7807806468785,9.83811603649726,81.2172047851138,13.045088097676,0,0,8.63076535578063,2
920.63235438202,78.0231202575935,55.384664555713,11.4145553072657,72.6037786006846,14.5658630743916,0.00999999999987083,84.7192185906517,8.47174980590283,2
920.181294656664,58.9081093132383,57.9008854960288,9.39512067868866,75.7243358779783,11.7354312129776,0,0,18.9331419846211,2
918.355310727325,64.1736853562958,53.7577078569541,14.5585977567743,72.168200194582,17.2649341230092,0,0,19.5094995135449,2
914.154388930716,81.5102495899801,125.453293630442,2.65155396915177,141.837043932985,3.41693667594581,0,0,20.2316443282372,2
921.610000000007,64.8680000000013,65.3,11.7663043999997,81.9999999999999,15.211192,0,0,13.2200000000003,2
921.645839484383,65.7349580977088,266.139655804299,2.02455248602676,232.511547245133,2.56424470753361,0,0,11.2791921214158,2
924.510000000006,71.9060000000007,196.7,6.64371179999962,217.9,8.27667799999999,0,0,15.8100000000003,2
915.808537206645,73.217521876563,215.629367721963,2.17923816285895,232.546876111059,2.86768511053797,0.00894874662937909,67.1155997204042,28.5088701238434,2
923.15670332508,69.8422225707375,197.226282040249,5.67667569344104,215.193406650147,6.9816905181736,0,0,14.9115613741464,2
922.040000000009,68.5759999999986,58.3,9.55173379999966,81.8999999999999,12.5716028,0,0,7.5400000000001,2
915.104852840165,80.6610318250029,214.407657428119,1.53536419008033,116.843001371833,2.41188754048387,0,0,18.8053456559464,2
917.600000000008,69.6559999999979,328.3,1.52111919999974,227.8,2.3487869999999,0,0,13.38,2
921.900000000004,78.2060000000023,50.7,5.36865599999967,74.4999999999999,7.44901019999994,0,0,13.49,2
920.020000000009,74.5519999999968,199.7,4.65283519999964,211.8,5.61471940000003,0,0,10.7300000000003,2
921.411886397117,62.0270778457753,63.2084384789555,8.24701686148149,79.125537622146,10.4455476972134,0,0,19.0146002945802,2
925.27766119211,66.4665745906728,49.4049390974192,11.2288538812865,77.8993462959297,15.3440110941853,0,0,13.9327382937165,2
923.634016989317,62.5605117305458,62.9307001548906,13.1532427358622,87.4007759065776,17.5508237839581,0,0,16.4866794876418,2
918.570000000006,76.0460000000039,209.2,3.13171599999976,222.7,3.98175319999993,0,0,25.7200000000005,2
918.39149770145,73.1685781257863,181.72075827229,1.63004495010447,185.877556678176,2.24738384978397,0,0,11.8145845583918,2
925.300000000001,72.7700000000042,227.2,2.66195859999989,221.8,3.53436520000011,0,0,15.7900000000003,2
918.719414547109,61.5821552516078,257.176262122543,1.80394444740024,259.394299634118,2.35267606242883,0,0,17.5666662854841,2
921.459843557742,77.0532952188329,51.7823519072013,5.99008611065874,74.5180391984533,8.11886343616485,0,0,12.9325887677914,2
922.47323296309,66.6397842137737,71.4856545181409,1.99181214590378,94.1929318523238,2.63192688468425,0,0,12.6899247223109,2
917.830000000005,73.0400000000041,145.4,2.81854439999981,38.2999999999999,4.16070840000008,0,0,25.3999999999999,2
918.108730104065,66.6197252101688,207.60217354199,2.91357600197525,114.693592333633,4.4426294541489,0,0,23.8060640083905,2
916.818071508123,74.3029252505629,177.557563500902,6.65434097188292,183.685075233321,7.46913216211249,0,0,13.5946303160483,2
926.500000000002,71.1140000000043,52.8,12.1018453999999,68.5999999999999,14.8085428000001,0,0,13.9400000000003,2
922.650140477869,59.8118017205717,194.327281680088,4.4660585821975,102.396850398397,6.91201449785788,0,0,21.4864513251525,2
918.060000000009,74.8220000000004,271.1,2.08035419999977,295.4,2.86328319999991,0,0,42.4200000000005,2
921.160000000004,44.2940000000028,277.8,1.8566601999999,136.5,2.86328319999995,8.89999999999861,14730,92.4100000000004,2
919.650000000002,77.0360000000015,70.6,3.82516739999999,85.5,4.76468219999997,0,0,22.0700000000002,2
915.64000000001,45.7159999999976,241.6,5.86078279999963,265.8,8.03061460000004,0.549999999999955,1770,90.5600000000002,2
920.820000000008,62.437999999998,213.6,2.61721979999964,165.7,3.31067120000004,0,0,43.6400000000002,2
920.350000000005,47.5700000000002,192.1,6.26343199999969,205.7,7.605596,0,0,54.55,2
914.490000000004,49.8920000000056,163,4.85415979999991,189.6,6.73318939999997,0,0,92.1000000000004,2
915.840000000006,40.1180000000011,171.9,10.5359873999996,188,12.9295132,0,0,86.4300000000003,2
916.310000000002,45.4280000000026,183.1,8.34378619999989,194.6,10.0885994,0,0,86.1500000000005,2
912.640000000009,53.9959999999986,177.7,6.82266699999983,190.7,8.63458839999983,0,0,89.77,2
914.660000000005,50.3600000000032,177.6,8.52274139999973,186.3,10.0214911999999,0,20,91.2200000000001,2
914.900000000008,64.6880000000009,174.6,5.65945819999974,184.5,6.86740579999988,0,0,43.3700000000003,2
914.540000000013,67.6580000000016,170.2,8.25430859999954,184.3,10.8491589999998,0,0,35.0500000000013,2
916.420000000002,45.0140000000056,82.8,3.06460780000006,129.8,4.80942100000005,8.73999999999978,7000,57.7100000000001,2
920.030000000002,66.9920000000037,172.5,2.46063399999988,168.1,3.31067120000007,0,0,29.8900000000003,2
918.240000000005,61.9880000000049,78.4,4.45151059999991,45.0999999999999,5.83841339999997,0,0,60.6500000000004,2
916.220000000009,68.2519999999994,183.1,9.93201359999982,190.8,11.1623305999998,0,0,24.66,2
915.570000000006,61.3400000000005,174.3,4.89889859999963,180.6,5.50287239999996,0,0,13.8900000000003,2
917.460000000008,58.2979999999989,182.3,5.90552159999973,190.3,6.93451399999992,0,0,25.76,2
919.000000000011,68.1619999999991,98.6,1.72244379999953,126.4,2.30404819999992,0,0,34.6300000000011,2
915.320000000006,83.8399999999994,219.9,1.52111919999984,245,2.05798479999986,0,0,17.49,2
916.520000000004,51.6380000000042,190.8,7.40427139999972,198,8.38852499999988,0.369999999999663,2170,91.6900000000001,2
921.500000000004,54.5360000000022,220,5.01074559999962,234.9,6.44238720000005,0,0,82.28,2
916.450000000005,62.6540000000006,193.7,3.53436519999967,208.8,4.42914119999994,0,0,47.43,2
915.100000000003,47.1380000000033,189.8,3.8922756,215.5,5.48050299999999,0,0,72.2900000000005,2
920.700000000012,76.1720000000025,190.9,6.26343199999943,199.6,7.27005499999974,0,0,35.8500000000012,2
918.320000000005,74.7320000000046,239.5,2.05798479999981,273.4,3.0198690000001,0,0,27.4799999999998,2
920.180000000011,62.7439999999993,32.6000000000001,3.01986899999959,51.2999999999999,3.82516739999994,0,0,45.2100000000007,2
913.610000000008,79.6280000000004,180.5,3.2659323999998,187.9,3.7580591999999,0,0,12.7600000000006,2
921.186223459361,71.2038227788007,214.248938374188,1.69079339655372,173.388878407993,2.67368146708012,0,0,17.1031506826432,2
918.770000000001,68.6480000000015,160.3,2.14746240000003,198.4,2.95276079999996,0,0,34.0800000000002,2
916.550000000011,57.9559999999995,174.4,3.13171599999956,195,4.0712307999999,0,0,60.4600000000012,2
916.550000000009,53.5099999999984,205.8,3.80279799999961,226.1,4.94363739999994,0.00999999999999091,10,84.4800000000006,2
918.980000000011,78.9440000000025,268,1.56585799999937,241.1,2.10272359999974,0,0,36.3500000000011,2
916.500000000001,71.0419999999998,102.3,2.41589519999999,49.1,3.22119359999996,0,0,49.0099999999998,2
917.800000000008,66.0020000000004,157,2.28167879999974,180.9,3.31067119999983,0,0,32.0600000000004,2
919.360000000007,48.739999999999,280.9,2.52774219999975,274.8,3.66858159999978,0,70,90.7000000000006,2
911.700000000011,47.8039999999983,190.1,3.31067119999956,217.7,4.0712307999999,0,0,90.0900000000006,2
907.990000000002,41.3600000000035,161.2,12.2584312,187.7,17.7613036,0.980000000000359,3079,89.6800000000005,2
920.000000000008,74.8939999999986,46.7,6.97925279999974,64.7999999999999,8.97012939999976,0,0,27.3600000000006,2
921.540000000002,45.2840000000044,192.1,8.41089439999995,200.2,9.37277860000005,0.0799999999999272,397,77.1300000000004,2
918.880000000007,60.6920000000003,178.8,4.36203299999964,185.4,4.92126799999991,0,0,34.7700000000004,2
919.280000000012,72.6440000000021,95.9,4.71994339999941,85.5999999999999,5.88315219999979,0.00999999999999091,20,47.510000000001,2
915.600000000001,56.2819999999996,178.3,3.19882419999998,201.7,4.16070839999996,0,0,89.9500000000001,2
922.320000000004,55.526000000001,215.9,9.39514799999964,228.5,10.849159,0.0200000000004366,60,91.12,2
917.080000000011,63.9679999999982,220,3.48962639999957,230,4.36203299999987,0,0,22.5600000000006,2
915.40000000001,45.3919999999987,249.3,11.2070693999996,289.7,15.0098673999999,0.559999999999945,2495,90.4700000000008,2
917.560000000012,68.6120000000025,171.6,7.60559599999944,179.6,8.67932719999975,0,0,40.1400000000011,2
918.100000000007,73.4540000000004,198.9,1.45401099999984,175.3,2.23693999999984,0,0,19.2500000000001,2
914.060000000008,68.6300000000004,180,3.98175319999985,200.2,5.07785379999989,0,0,59.2100000000005,2
914.830000000011,74.5700000000024,175.5,1.40927219999945,153.8,2.23693999999974,0,0,47.5100000000011,2
916.900000000007,68.3779999999981,333,0.69345139999974,143.8,1.2750557999999,0,0,20.19,2
923.820000000002,64.3640000000057,126.4,2.97513020000007,63.7999999999999,3.46725700000005,0,0,22.1900000000001,2
916.400000000007,78.5119999999996,182.5,3.91464499999984,191.6,4.63046579999986,0,0,34.71,2
913.800000000004,68.9540000000054,139.6,2.2369399999998,188.5,3.53436520000005,0,0,35.1600000000001,2
918.100000000012,58.7660000000021,188.1,4.63046579999942,199.9,5.86078279999978,0,0,87.900000000001,2
918.100000000009,44.7259999999972,185.9,9.01486819999963,196.8,10.737312,0,10,87.2700000000002,2
919.920000000003,52.2140000000048,94.5,1.99087659999999,85.2999999999999,2.77380560000002,0,0,60.3300000000002,2
913.200000000008,39.0199999999997,185.8,8.8135435999998,200.8,11.0728529999999,0.00999999999999091,130,91.4200000000007,2
912.800000000003,42.5120000000045,190.8,11.3860246,198.1,12.7281886,0,0,89.7700000000002,2
921.480000000004,76.6220000000022,195.8,4.20544719999967,213.5,5.39102539999993,0,0,19.08,2
917.060000000006,79.1780000000045,218.8,1.49874979999979,215.7,2.21457060000009,0,0,34.2999999999998,2
919.110000000004,58.4600000000045,38,2.16983179999997,60.0999999999999,2.81854440000001,0,0,32.7000000000002,2
917.850000000006,65.3720000000002,129.9,1.45401099999984,176.2,2.23693999999985,0,0,39.3700000000001,2
918.100000000002,49.9460000000024,124.3,1.45401100000004,144.1,2.23693999999998,0,0,91.8700000000001,2
911.450000000008,66.3260000000002,66.2,1.83429079999974,78.0999999999999,2.88565259999972,0,0,47.6100000000005,2
918.300000000001,78.8540000000015,88.4,2.84091380000002,108.4,3.93701439999996,0,0,15.7700000000002,2
915.920000000011,47.4439999999985,204.7,4.11596959999956,224.1,5.34628659999993,0,0,72.380000000001,2
916.500000000014,74.5880000000021,101.2,1.83429079999939,132.4,2.59485039999977,0,0,33.7300000000009,2
912.980000000004,46.9940000000048,190.2,5.65945819999989,202.6,6.82266699999999,0,0,91.3300000000002,2
924.16000000001,61.8799999999982,111.8,3.44488759999963,119,4.80942100000004,0,0,15.2100000000001,2
922.200000000007,58.2980000000011,41.3,4.67520459999964,55.7999999999999,5.74893579999999,0,0,32.4000000000002,2
918.370000000008,65.3179999999989,188.3,6.21869319999974,209.7,7.56085719999992,0,0,20.46,2
919.09000000001,56.1739999999981,21.7,5.32391719999959,40.5999999999999,6.37527899999993,0,0,40.0800000000007,2
920.11000000001,61.1419999999987,236.7,3.6238427999997,188,4.65283519999998,0,0,28.6400000000001,2
919.010000000004,60.0440000000023,147.8,2.34878699999972,62.8999999999999,2.90802199999989,0,0,28.4700000000001,2
917.580000000011,63.9679999999981,161.8,0.872406599999563,139.8,1.56585799999991,0,0,22.3800000000006,2
914.900000000004,72.1400000000046,89.8,1.58822739999991,59.0999999999999,2.28167879999999,0,0,18.7800000000005,2
918.360000000003,56.7140000000052,49.8,1.40927219999995,85.7999999999999,2.01324600000005,0,0,62.8900000000001,2
918.260000000006,82.4000000000045,211.6,2.05798479999979,88.8999999999999,2.95276079999999,0,0,10.7600000000002,2
915.200000000004,66.5600000000056,48.9,4.47387999999991,59.8999999999999,5.21207019999996,0,0,38.4000000000004,2
917.400000000011,74.0480000000026,182.1,3.08697719999943,201.1,3.89227559999974,0,0,36.1300000000011,2
914.610000000008,49.4419999999992,178.9,6.28580139999978,190.2,7.51611839999992,0,0,79.4600000000007,2
908.970000000004,48.6860000000048,147.7,8.00824519999984,183.1,10.5807262,0.160000000001673,330,91.8900000000002,2
917.180000000005,62.8340000000025,186.3,3.22119359999967,197.7,4.02649199999992,0,0,36.63,2
923.630000000002,53.7440000000013,54.4,2.84091379999999,87.6999999999999,4.04886139999997,0,0,33.7200000000003,2
918.490000000011,69.5120000000025,149.5,1.92376839999944,155.5,2.70669739999977,0,0,52.400000000001,2
920.590000000002,47.8040000000046,127.6,2.28167879999994,156.9,2.97513020000005,3.70999999999992,6670,79.3000000000004,2
915.600000000007,70.2860000000048,121.7,1.76718259999982,165.3,2.52774220000004,0,0,52.3600000000003,2
914.620000000006,66.1280000000044,172.4,7.65033479999982,187,9.5964726000001,0,0,46.6999999999997,2
917.360000000008,60.5120000000005,179.9,3.64621219999976,198.5,4.54098819999991,0,0,74.4400000000005,2
912.990000000013,64.5800000000019,172.6,7.02399159999953,183.7,8.67932719999983,0,0,44.7800000000011,2
919.520000000009,62.239999999998,294.2,2.08035419999961,232.8,3.17645479999996,0,0,39.3000000000005,2
921.730000000002,57.776000000004,80.6,2.10272359999994,58.7999999999999,2.66195860000011,0,0,23.9300000000003,2
915.500000000004,57.6320000000047,188.2,2.41589519999991,203.7,3.35540999999998,0,0,61.6500000000004,2
915.870000000006,76.5500000000047,224.5,2.1698317999998,215.8,2.90802200000002,0,0,38.7200000000002,2
921.170000000003,59.3420000000047,180.8,6.82266700000003,190.4,8.25430860000006,0,0,31.2300000000004,2
917.690000000002,54.8239999999995,201.1,2.12509299999999,222.8,2.75143619999996,0,0,90.6700000000001,2
914.400000000013,79.916000000002,174.4,3.93701439999937,190.8,4.89889859999978,0,0,25.3900000000011,2
921.440000000008,61.2139999999987,200.5,5.50287239999971,211.2,7.0910998,0,0,13.3200000000001,2
912.500000000005,57.3980000000056,123.7,2.6619585999998,133.8,3.86990620000005,0,0,67.2000000000001,2
919.000000000012,69.8180000000021,238,1.67770499999936,269.3,2.16983179999975,0.07000000000005,270,69.990000000001,2
918.000000000005,60.3140000000007,187.5,4.27255539999968,207.6,5.54761119999993,0,0,35.83,2
917.540000000001,77.5040000000001,150.7,2.14746240000002,207,3.44488759999997,0,0,35.4900000000001,2
921.160000000003,57.2000000000038,188.6,3.08697719999998,199.5,4.63046579999997,0,0,28.4300000000003,2
915.600000000002,76.2800000000011,188.4,1.8566602,173.8,2.37115639999994,0,0,21.6100000000001,2
919.300000000005,39.956000000001,192.1,1.40927219999965,108.7,2.19220120000002,0.259999999999877,2770,83.8100000000001,2
918.000000000008,59.3419999999983,175.6,5.14496199999975,188.1,6.35290959999977,0,0,60.7400000000005,2
915.930000000012,64.1180000000023,97,3.45234406666604,120.4,4.32475066666642,0.00999999999999091,10,47.2266666666678,2
918.350000000005,75.9200000000042,126.3,1.6105967999998,169,2.5724810000001,0,0,16.2199999999998,2
916.700000000012,49.8020000000011,171.7,6.4423871999995,199.8,9.10434579999984,0,20,80.1500000000012,2
920.750000000005,49.1000000000007,179.9,7.8740287999997,191.4,9.48462559999999,0.180000000000064,250,91.7000000000001,2
916.370000000007,76.7480000000005,206.7,4.04886139999984,215.3,4.83179039999987,0,0,18.5300000000004,2
915.470000000004,64.9400000000048,174.4,1.29742519999991,219.9,1.92376839999997,0,0,50.2800000000003,2
912.410000000008,47.4800000000005,61.4,8.63458839999973,73.3999999999999,10.6478343999999,0.100000000000023,400,73.83,2
914.430000000007,74.2459999999985,176.9,4.20544719999984,194.4,5.18970079999985,0,0,19.4499999999999,2
915.000000000008,58.0100000000005,190.1,1.20794759999973,246.4,2.23693999999976,0,0,73.2800000000006,2
914.790000000008,48.2719999999991,218.6,5.61471939999972,171.1,8.00824519999995,0,0,90.8900000000006,2
913.500000000005,68.2340000000053,181,3.10934659999983,190.8,3.75805920000006,0,0,50.4800000000003,2
916.620000000006,46.9220000000011,186.6,8.36615559999967,192.5,9.5741032,0,0,70.6100000000003,2
916.280000000012,71.6900000000022,185.2,4.02649199999937,200,4.74231279999978,0,0,43.0600000000011,2
915.970000000006,63.7340000000046,205.7,2.3935257999998,220.3,3.08697719999999,0,0,87.2500000000002,2
919.780000000008,65.4980000000002,184.3,2.30404819999969,81.2999999999999,2.84091379999992,0,0,36.2400000000004,2
914.900000000011,53.942000000001,164.5,4.0041225999995,185.2,4.98837619999984,0,0,75.7700000000012,2
923.900000000002,62.6900000000046,95.4,2.95276079999995,74.0999999999999,4.63046580000005,0,0,30.8400000000004,2
917.400000000006,70.7360000000001,187,1.18557819999985,220.7,1.72244379999985,0,0,39.4500000000001,2
913.500000000008,56.3360000000009,221.9,2.21457059999975,254.4,2.95276079999989,0,0,74.3300000000005,2
913.490000000008,65.3900000000006,172.3,2.63958919999971,187.5,3.44488759999977,0,0,51.0600000000005,2
919.100000000008,87.602,275.7,2.10272359999982,133.6,3.26593239999989,0,0,14.5700000000004,2
917.070000000003,47.102000000003,162.2,4.5409881999999,184.1,6.48712599999994,0,0,69.8700000000006,2
920.100000000003,45.8600000000048,141.3,1.5211191999999,180.6,2.23693999999994,0.239000000000715,1786,72.6600000000003,2
913.050000000004,50.0540000000046,174.3,5.50287239999995,188.6,6.77792820000005,0,0,58.7900000000003,2
919.170000000001,79.9879999999998,167,5.07785380000005,183.7,6.64371179999999,0,0,22.24,2
921.310000000002,61.3400000000048,48.1,7.78455119999989,55.7999999999999,9.10434579999993,0,0,35.4200000000004,2
914.900000000006,75.0200000000051,167.2,4.1830777999998,180.7,5.39102540000004,0,20,38.7200000000003,2
914.210000000003,64.4720000000052,99.1,11.9676289999999,110.7,14.1598302,0.00800000000015189,34,44.4400000000003,2
923.800000000003,55.1300000000015,55.2,3.01986899999963,47.0999999999999,3.84753680000004,0,0,69.07,2
916.300000000011,68.7740000000026,67.6000000000001,4.11596959999946,78.9999999999999,5.18970079999974,0,0,42.5000000000012,2
921.550000000009,45.3379999999971,183.5,7.02399159999961,193.2,8.29904740000003,0.529999999999973,2940,91.1000000000002,2
919.700000000006,72.0140000000042,178.8,5.30154779999979,196.2,6.77792819999995,0,0,36.7300000000004,2
915.100000000005,57.0380000000043,186.9,4.1159695999997,201.6,4.9436373999999,0,0,90.93,2
922.310000000008,58.9459999999994,200.8,3.53436519999974,223,4.65283519999992,0.75,3910,47.96,2
918.400000000004,51.6020000000047,209.6,2.57248099999991,228,3.22119359999998,0,0,87.9900000000004,2
918.700000000004,47.7860000000059,189.4,2.32641759999991,202.1,2.81854439999994,0.119999999999891,410,91.7100000000004,2
918.000000000012,66.7580000000026,171.6,5.70419699999943,180.3,6.75555879999976,0,0,54.2100000000011,2
916.510000000002,75.4700000000013,137.7,1.0513618,180.5,1.61059679999996,0,0,26.9400000000001,2
917.010000000006,41.000000000001,150.4,3.91464499999967,55.3999999999999,6.15158500000001,2.69000000000051,6440,65.3399999999999,2
912.060000000005,52.0340000000059,186.3,2.34878699999983,141.2,3.15408540000007,0,0,88.0100000000002,2
917.700000000003,59.4320000000052,90.2,1.65533560000006,120.8,2.34878700000002,0,0,23.5700000000002,2
919.85000000001,77.3600000000025,235.2,1.87902959999937,222.8,2.50537279999974,0,0,43.760000000001,2
915.140000000008,59.8100000000003,168.8,6.44238719999968,176.5,7.51611839999993,0,0,41.0700000000004,2
921.400000000008,75.2359999999986,60.9,4.02649199999977,75.9999999999999,4.92126799999993,0,0,15.0600000000007,2
916.000000000012,61.0160000000024,180.6,5.90552159999948,194.8,6.93451399999978,0,0,50.7700000000011,2
917.300000000006,73.1839999999999,178.6,4.67520459999985,183.7,5.25680899999985,0,0,36.57,2
919.550000000006,39.524000000001,212.4,12.3926475999997,217.1,13.5111176,5.0599999999996,10329,91.7000000000003,2
919.330000000009,53.9419999999977,163.9,1.6105967999996,203.9,2.28167879999997,0.210000000000036,610,72.6700000000005,2
914.490000000014,77.7380000000024,44.8,9.50699499999936,54.2999999999999,10.8715283999998,0,0,23.110000000001,2
916.420000000011,46.5620000000002,168,7.02399159999956,182.9,9.46225619999989,0.572999999999979,1105,85.6300000000011,2
911.270000000013,59.8280000000022,218.3,2.25930939999935,235.9,2.97513019999979,0,0,86.7300000000011,2
915.290000000003,50.6120000000043,153.8,4.45151059999998,185.3,7.20294680000004,0,0,62.4600000000002,2
914.960000000005,66.776000000005,172.7,4.9883761999998,183,5.8160440000001,0,0,27.4,2
916.830000000002,64.9940000000033,189.4,9.0819763999999,195.5,10.4465098,0,0,24.8600000000006,2
916.080000000012,61.2860000000023,155.4,1.96850719999945,191.4,2.68432799999974,0,0,62.1200000000012,2
917.100000000002,43.5920000000051,211,8.27667800000005,220.8,9.43988680000003,0,0,92.3400000000001,2
917.180000000004,49.1900000000051,146.5,1.56585799999991,150.5,2.32641759999998,0,0,91.1100000000004,2
921.300000000003,46.2380000000036,231.1,3.33304059999995,253,4.809421,0,0,73.9300000000004,2
918.670000000007,71.9960000000041,177.2,2.72906679999976,197.3,3.5567346,0,0,32.5900000000004,2
913.770000000008,49.4239999999987,175.8,12.5716027999998,185.3,15.3677777999999,0,0,83.0600000000007,2
919.400000000007,77.7380000000004,200.2,0.98425359999984,254.4,1.70007439999987,0,0,13.3000000000004,2
915.390000000013,71.4200000000017,183,2.16983179999954,207.7,2.68432799999981,0,0,40.3400000000011,2
914.800000000005,67.6580000000051,193.3,1.61059679999982,221.2,2.23694000000007,0,0,30.2700000000002,2
924.290000000005,62.3300000000008,43.1000000000001,2.30404819999964,61.7999999999999,2.86328319999994,0,0,35.77,2
919.700000000012,73.8140000000022,227,1.40927219999936,255.4,1.90139899999975,0,0,33.590000000001,2
920.610000000009,65.0299999999984,191.2,2.55011159999961,194.7,3.75805919999995,0,0,20.0300000000006,2
921.860000000003,38.5880000000051,209.9,3.579104,172.2,4.33966360000005,18.08,15800,81.8200000000002,2
913.640000000005,74.5160000000047,219.4,1.8566601999999,229.3,2.28167879999997,0,0,37.5300000000003,2
917.730000000006,76.1360000000044,85.9,4.29492479999979,42.7999999999999,5.95026040000008,0,0,38.5199999999998,2
920.020000000012,71.1140000000023,92.7,3.40014879999943,66.5999999999999,4.83179039999978,0,0,48.220000000001,2
919.710000000007,43.6820000000008,210.3,5.01074559999966,225.4,6.57660359999999,0.00999999999999091,200,82.1500000000003,2
918.660000000008,57.2720000000004,286.3,3.93701439999964,312.2,5.48050299999993,0,0,46.5600000000004,2
916.840000000003,55.2740000000046,51.7,4.94363739999994,71.8999999999999,6.24106260000006,0.0100000000002183,110,20.9200000000002,2
919.970000000003,64.1840000000022,185.5,0.738190199999941,215.2,1.31979459999999,0.010000000000332,10,32.7000000000004,2
917.380000000011,73.6160000000025,171.1,5.79367459999944,179.5,7.02399159999975,0,0,38.2300000000012,2
917.090000000005,55.2740000000036,198.3,6.01736859999975,207.4,6.95688339999991,0,0,78.2000000000001,2
918.600000000006,72.8240000000048,186.2,6.30817079999981,191.8,7.00162220000006,0,0,22.5,2
920.740000000004,59.0900000000021,180,8.99249879999963,194,10.7596814,0.0800000000001546,520,35.26,2
914.560000000013,76.2260000000024,173.3,6.64371179999937,185.4,8.05298399999977,0,0,25.8400000000011,2
913.850000000006,79.7359999999994,191.7,3.10934659999983,207.8,3.98175319999985,0,0,21.4799999999999,2
920.330000000007,68.864,122.4,2.03561539999986,182,3.08697719999986,0,0,52.3800000000003,2
919.200000000012,70.2499999999989,156.7,2.01324599999955,172.3,2.61721979999992,0,0,42.0600000000011,2
913.870000000012,66.9380000000025,171.9,6.50949539999945,182.3,7.47137959999975,0,0,57.4300000000012,2
916.130000000009,50.1079999999984,211.4,2.55011159999974,231.8,3.53436519999992,0,0,89.8000000000007,2
921.260000000005,52.6460000000009,261.9,2.03561539999962,260.5,3.04223839999995,0,0,91.11,2
918.900000000005,63.1040000000007,192.9,3.86990619999968,207.3,5.21207019999993,0,0,26.0200000000001,2
