air_pressure_9am,air_temp_9am,avg_wind_direction_9am,avg_wind_speed_9am,max_wind_direction_9am,max_wind_speed_9am,rain_accumulation_9am,rain_duration_9am,relative_humidity_9am,relative_humidity_3pm
923.040000000008,60.6379999999988,51,17.0678521999997,63.6999999999999,22.1009672,0,20,8.90000000000005,1
921.969951282133,60.9553415264257,164.621485996141,1.66444229894694,195.77996752142,2.36718113263113,0,0,12.1096289018911,1
921.090000000004,68.6660000000049,50.7,14.204569,62.4999999999999,17.0454828000001,0,0,17.5800000000002,1
920.230000000009,67.3159999999995,153.2,1.23031699999976,136.9,2.08035419999993,0,0,13.89,1
923.663676793339,69.0310704187739,64.689907868498,7.55777528016753,73.0492322374834,8.81935448212983,0,0,14.6925013275681,1
921.900000000009,65.8759999999985,199,4.49624939999966,207.2,5.32391720000002,0,0,10.3500000000001,1
923.018549964785,70.3305324254479,152.563542146049,3.05969603860011,181.274779995297,4.26903762495611,0,0,22.8596841746828,1
919.090000000006,76.7660000000047,166.2,1.29742519999981,199,1.81192140000012,0,0,19.7399999999998,1
921.290000000007,83.2279999999985,162.6,2.66195859999974,194,3.55673459999976,0,0,16.5000000000005,1
925.097125725986,57.1334991237811,52.9689327559145,14.618306949929,69.0070565459507,19.2143138458635,0,1.54044829390368,18.6423060619654,1
922.070454917529,76.7422008162634,165.736407612468,3.77145856240692,205.670353906857,6.00416098766282,0,0,13.5678235809023,1
921.390000000011,76.0820000000022,225.1,1.9013989999994,251.1,2.57248099999979,0.0399999999999636,300,47.5200000000009,1
915.914435739919,69.3888731067296,46.7361705829601,10.9769507678848,64.6446823318402,14.2976171374237,0,9.39715695066505,8.49833536323128,1
918.850336146548,74.0846394129743,69.4484491747872,3.41640548455701,103.058915228815,4.74852632177649,0,0,11.0793155226348,1
921.408129860134,47.9703946135899,46.3114285067358,10.9984531533027,67.2328572398962,14.3854127858013,0,0,22.147701376039,1
921.540000000009,43.1600000000004,52.5,23.5549781999998,67.9999999999999,29.8407796,0.0499999999999545,100,19.38,1
919.447816728083,61.5186601035227,53.1826479705229,14.4056268547679,72.1287417794153,17.6112667972,0,0,19.5391652808648,1
923.620000000009,62.5999999999994,63.7,4.94363739999975,75.4999999999999,6.06210739999992,0,0,28.55,1
922.711440670759,47.5211101642601,198.591949144401,6.11125372969422,215.425805071836,7.45194855312961,0,0,50.7518390322923,1
919.56133269064,69.1655206497228,137.144875638807,1.3828941853983,123.019030656538,2.0316067853985,0,0,15.9354466403358,1
917.397349400784,79.2446779074122,97.2677643833464,1.11030681606334,95.5933601026118,1.54267607496277,0,0,13.3681838470476,1
923.324245412359,57.1864731630524,44.7041857746904,9.99480953274341,66.6391055037984,12.9218891326536,0,0,17.4453623844066,1
920.201585991789,57.8102370614035,80.480355234787,5.38511666984316,93.97028883782,7.43525955266715,0,0,14.3792333952514,1
921.634899613727,65.8972904472465,73.4864185786758,3.01697200289608,93.2822348396703,4.01896733652484,0,0,10.7202691115556,1
924.722874964885,61.1280828331967,40.6734357841525,8.57656546580099,65.4298273616485,11.4486504365738,0,0,17.2077427407609,1
926.177368159633,66.0685681125081,56.8207787652322,16.9966739830754,69.3013096344282,20.4969782925955,0,0,14.586780577993,1
921.507308049021,73.1911562166277,165.548739531225,3.39092492734568,206.179194536566,5.57799239342465,0,0,13.8079628744861,1
920.770000000004,70.7180000000022,181,4.40677179999969,188.2,5.07785379999991,0,0,13.16,1
918.713894398906,65.2184616214231,65.723783000344,5.72335528782196,79.3646334284731,7.09559333207151,0,0,18.6347566000688,1
925.960000000002,56.9660000000034,51.7,17.8731505999999,66.2999999999999,22.2799224000001,0,10,15.3600000000004,1
919.903080864679,55.9646977750501,48.1055949174904,8.82866056291736,64.134546785475,11.0341915835387,0,0,20.4353750429293,1
919.477927109483,68.0600429854772,47.04658845067,10.567383294021,64.8812472957368,13.6928726045645,0,6.53411549330048,9.37442419707694,1
918.876744819335,77.0837052985861,183.377677205019,4.32486905886094,193.009675026549,5.06360032020859,0,0,10.0738220297929,1
922.187875173527,56.8639740570787,48.3815990860793,12.298367980222,64.9026287019886,15.6890839272008,0,0,14.9494523947162,1
924.050000000003,47.2460000000032,47.9,13.980875,68.2999999999999,17.8507812,0,20,16.7100000000004,1
920.405794873886,49.6865027270193,46.5963782038222,10.2250214235884,66.4130786128047,13.1927702514643,0,0,23.0724345466988,1
924.390226490481,66.0990871543035,63.3111541948455,9.6501786146221,72.4516289182534,11.3160256843595,0,0,13.0935339735723,1
918.140000000008,79.1059999999982,244.3,2.28167879999975,230.5,2.88565259999977,0,0,20.1300000000005,1
923.885221311808,58.6071023050632,47.0187591291966,11.215701371321,66.5550073033572,14.4763457739796,0,0,17.3082965013882,1
921.126863363804,48.6142841615046,42.3551878002816,11.3135682005628,65.4671420758481,15.0339001958855,0,0,28.2433402379364,1
923.757467155188,70.9215008452819,195.458708709576,5.09049851588437,218.792178114992,6.46314964033471,0,0,17.415920606986,1
921.445510111166,62.9320805390367,65.0469386325537,9.13401800687643,80.4816317953221,11.659020577022,0,0,16.5414304477327,1
920.850000000008,57.3980000000003,47.5,9.12671519999975,58.8999999999999,10.6030956,0,0,13.49,1
916.581503907028,75.2246624270233,177.443701348345,6.69002581522457,185.46776356291,7.53528201017721,0,0,15.4887473192039,1
919.615885150661,71.2999115731544,47.0424304700017,4.26662253760656,80.4715420897931,6.04642215695395,0,0,14.4230534515301,1
920.527758707527,60.4333692233317,55.1938329513595,12.4827926426958,73.4278515123195,15.318981880856,0,0,18.1363726169286,1
922.754220659327,50.310938890704,47.7712669970118,13.4503835366665,67.9999553544374,17.7612769681481,0,0,28.347413919487,1
920.902599263186,56.9947166813029,70.7435322062195,2.90172260837731,63.9995128269942,3.51152716586981,0,0,21.6783848801365,1
916.867881511419,81.452149551592,91.3408064689799,1.87667852069334,122.717129056572,2.65107369489963,0,0,27.8860146239177,1
917.300000000004,73.6160000000023,147.7,2.41589519999969,175.2,3.46725699999992,0,0,12.9900000000001,1
923.281852304832,48.7421985311827,46.5709468030777,14.1572401339683,67.5341049373667,18.2085504717643,0,17.7473674628436,17.2506318089179,1
920.042264327172,69.2287265250372,47.2157986444117,21.1806440675302,64.2189409489117,26.4491047532517,0,34.2315972888234,14.7632026624179,1
916.542732553698,76.5327258420449,174.008328036989,3.72983912281324,184.930253802825,4.7199433999999,0,0,12.4023486716474,1
919.760000000005,54.2840000000003,214,4.2054471999997,223.5,4.92126799999999,0,0,17.77,1
926.762031681606,54.7048842977861,54.0243342529445,5.02689100710966,54.9782828261192,7.14517458933545,0,0,14.4254040391495,1
926.55000000001,62.7619999999987,67.8,14.8309121999997,88.7999999999999,18.790296,0,0,11.2200000000001,1
919.421645255054,68.220011320101,140.302393714029,1.2168932164386,123.644713961766,1.86560581643876,0,0,16.4127120452542,1
918.694866756976,74.6757729606176,36.5382674630024,2.64439972858381,69.2869350326645,3.47907585892003,0,0,10.8395362804991,1
920.519457466034,81.3717456550001,159.72253539945,2.61443922261779,190.369373524138,3.53945482640635,0,0,15.8221543122198,1
920.530000000006,81.9500000000042,59.3,10.1557075999998,79.2999999999999,12.7058192,0,0,19.8000000000004,1
919.968818645262,66.6956672975167,64.4228939064612,9.36189096393845,74.978914785077,10.8475151016401,0,0,17.8273146395782,1
925.280000000006,66.4700000000005,49.4,11.2294387999996,77.8999999999999,15.3454083999999,0,0,13.9300000000003,1
919.707341804638,68.2772227126346,228.931265859008,3.95103064028143,245.824683313222,5.18327310091763,0,0,14.7652404648597,1
922.821310351213,67.8133014399465,55.7576583162107,9.55524500042584,68.8572785042659,11.5588919773328,0,0,14.8922277402062,1
917.600000000007,81.9139999999995,90.4,1.67770499999985,121.4,2.34878699999985,0,0,29.99,1
921.68481739933,61.0538886148834,55.9590570454367,10.9939139003681,75.8641260713441,13.9529152908841,0,0,17.7413045064967,1
919.013672319594,62.5974317162136,166.847158581052,3.64305020822309,190.070012229707,4.86982111571208,0,0,22.3701594784011,1
920.003890159199,69.317912722222,197.605720695256,4.67085357364562,210.027917511371,6.04716036750342,0,0,13.7667049918787,1
924.940000000008,57.1639999999998,53.2,14.0256137999998,69.4999999999999,18.6560796,0,0,19.24,1
924.789567960168,71.2052067778853,227.901844054773,2.52280101237386,222.916570087138,3.37379875273929,0,0,15.1391991492112,1
916.986006489711,75.8438206680399,150.238951156932,1.30391353998878,142.624694429932,1.88900319602841,0,0,17.4300983946019,1
913.320000000004,79.2140000000041,95.9,2.84091379999971,129.1,4.1159695999999,0,0,17.6900000000001,1
914.131735948655,82.5831521084255,120.810339578379,2.57708977715726,139.239546251363,3.39974345256872,0,0,19.9111771073006,1
924.080000000004,60.080000000005,54.2,18.9245124,72.0999999999999,23.5549782000001,0,10,13.1300000000002,1
925.630000000006,59.8820000000006,42.7,15.0993449999996,63.0999999999999,19.8863965999999,0,0,13.0500000000003,1
916.737056519026,77.3766741097983,184.193505729432,3.33413799839243,201.332611747715,4.04837715687959,0,0,31.2160768295301,1
922.808445487988,60.0641812921099,136.52777021673,3.37898095784047,148.027201031069,5.26836437943519,0,0,19.829257129467,1
922.990000000002,59.486000000004,137.5,3.37777939999993,147.2,5.2791784000001,0,0,19.8400000000004,1
921.238610542196,68.1948370310087,50.4466865758088,14.3084542707035,62.7110945201593,17.2362539334739,0,0,17.4187237865984,1
915.300000000004,80.2760000000043,148.7,1.34216399999972,145.6,1.7895519999999,0,0,19.2700000000001,1
920.535407098756,68.6893051794945,47.556514796693,13.0049285375638,65.8739408132282,16.7235315558342,0,0,10.2891035310573,1
919.579752141585,68.5687629697194,71.3236023112995,5.44257173593353,80.3827630010596,6.48347810341287,0,0,9.02170820874335,1
922.918740487265,59.5288227739997,45.5093642977397,17.6829231863428,61.0487181318091,22.0310657508253,0,0,12.9652731402272,1
923.15670332508,69.8422225707375,197.226282040249,5.67667569344104,215.193406650147,6.9816905181736,0,0,14.9115613741464,1
917.200000000003,54.3920000000053,60.6,7.76218180000004,73.6999999999999,9.05960700000003,0,0,20.8900000000004,1
920.518968080461,68.6617068374788,55.4163053338457,15.9571619786025,74.7051171775555,20.6446668361677,0,0,14.4505722807081,1
919.643997739733,64.2371580326915,88.5894656901099,16.0476746943064,112.331312867806,19.9542340135642,0.510196144950553,1510.90678732505,18.2725089477888,1
922.163428541292,60.7377665836249,62.9966711024896,5.58310956949533,75.0916154788648,6.74218097708247,0,0,26.8120969822808,1
920.320000000004,65.462000000002,48,14.8756509999996,64.0999999999999,18.4100162,0,0,8.04000000000001,1
920.969243150126,69.0119310284792,197.202837469509,4.46816747586053,210.037059245413,5.89278859482604,0,0,14.2943250609821,1
917.33441085369,67.003168458046,66.1548716082241,4.73837195122825,79.241465254793,5.7868742135203,0,0,18.7209743216448,1
920.800000000006,65.0840000000004,75.5,4.09360019999968,92.2999999999999,5.45813360000008,0,0,8.79999999999991,1
922.131441707751,59.9322738557625,166.237116584502,2.16778886835812,195.887627805166,3.04269066322386,0,0,12.0176840721781,1
920.660000000008,70.5559999999987,47.3,11.9228901999998,66.8999999999999,15.7480575999998,0,0,11.5900000000001,1
919.980664309712,64.0920994358778,51.9714116304072,22.0917328714967,73.3519572421276,27.5350596884197,0.0235705815203355,125.107947555661,12.6471056423117,1
919.500000000012,79.8619999999998,97.7,1.47638039999956,144.4,2.23693999999993,0,0,8.48000000000114,1
918.090000000012,68.8640000000008,54.8,16.5086171999995,73.3999999999999,21.2285606,0,0,16.4300000000012,1
920.860000000008,66.937999999999,75.4,2.68432799999975,88.9999999999999,3.44488759999991,0,0,17.45,1
923.552439439015,59.6085158063384,54.5320311223003,18.7429552736466,73.2067704076676,23.5838622882836,0,10,12.2980775769033,1
921.409125013378,60.8492106695876,43.4613574714035,21.314179400733,54.9414290298652,25.6053254374593,0.00999999999991465,51.1178575248877,11.8346785217647,1
921.480230558685,59.6836886299451,47.1296834644832,16.5772720619514,60.8017298336404,20.1119595311782,0.0026512960881195,42.6512960881219,17.0946979226671,1
923.418287331539,60.4350342971211,52.1639610200997,17.7431897313656,66.7553976777616,22.6298459896238,0,16.3626218121885,10.4386109734444,1
922.266356121941,64.1831063496143,55.872450600106,10.16769247589,78.9980513393534,13.3263879139022,0,0,14.3557206270824,1
918.865498721684,69.1690787523732,45.3671147250267,3.80870667071085,82.2479777508716,5.4499331698308,0,0,14.7548248381839,1
915.808537206645,73.217521876563,215.629367721963,2.17923816285895,232.546876111059,2.86768511053797,0.00894874662937909,67.1155997204042,28.5088701238434,1
921.220000000002,57.5240000000041,56,17.9402587999999,78.0999999999999,23.7115640000001,0,10,8.62000000000035,1
922.174130567082,62.2675835594038,47.9662515947884,16.5527604427446,63.6687420260579,20.4089222848421,0,0,15.094486937419,1
925.758649176768,72.5540649916948,52.8479063536823,12.348321769254,69.3066187168141,15.1595037170902,0,0,15.4310852583626,1
917.461900406092,55.5116242360344,61.0265802068871,7.93305631919895,73.8091251692036,9.2393581175989,0,0,20.6142109360129,1
921.610000000007,64.8680000000013,65.3,11.7663043999997,81.9999999999999,15.211192,0,0,13.2200000000003,1
922.47323296309,66.6397842137737,71.4856545181409,1.99181214590378,94.1929318523238,2.63192688468425,0,0,12.6899247223109,1
920.075591056324,69.3487500685714,45.6699810865799,21.108389797722,63.638273440836,26.6595962599286,0.0011944969817216,34.1500945671008,15.2732581288368,1
922.593064124066,68.2165083193614,56.7807806468785,9.83811603649726,81.2172047851138,13.045088097676,0,0,8.63076535578063,1
922.100000000008,62.9599999999995,231.6,1.78955199999979,228.8,2.52774219999991,0,0,11.7100000000007,1
919.940110888598,76.9689721240614,179.523594640347,4.78875963212509,191.554059927885,5.71771847316966,0,0,19.4720127659962,1
925.300000000001,72.7700000000042,227.2,2.66195859999989,221.8,3.53436520000011,0,0,15.7900000000003,1
920.372656569366,75.5683753924782,183.709305991644,3.1683168867222,191.76751252425,3.87547001115589,0,0,12.7482236990746,1
921.772168250893,47.9424140408282,44.6619514508423,12.9398805962784,66.8301574234088,17.0876589104954,0,0,32.6878379861028,1
923.870000000004,48.3620000000017,199.9,6.17395439999965,217.5,7.49374899999993,0,0,42.84,1
921.09000000001,72.409999999997,180.2,1.27505579999964,189.6,1.90139900000002,0,0,17.3000000000003,1
917.200000000007,75.5060000000042,177.6,7.40427139999976,182.9,8.20956979999999,0,0,14.3500000000004,1
920.110350173742,74.8187079352237,237.455209235825,2.36133341055931,239.560445578012,3.04496182111909,0,0,16.129951755734,1
922.69000000001,69.1699999999987,55.2,9.64121139999967,83.0999999999999,13.1308378,0,0,7.4900000000001,1
920.567764807645,59.8870501857394,55.7499417792872,17.6419306740045,77.1206053022081,23.1941511564769,0,7.91618149405993,10.2474622531397,1
921.689358252582,65.9503395683896,73.3550771555556,2.94674594792687,93.3463038265582,3.92509373243335,0,0,10.8455239809214,1
919.762753114936,77.6721435325803,179.419266538193,5.33070988001371,191.855452222997,6.30634386202474,0,0,19.8070218940241,1
915.400000000013,69.8360000000018,177.4,3.86990619999954,186.6,4.71994339999982,0,0,10.7900000000011,1
919.282942348936,63.3349599164419,44.9211461330772,4.41914842291173,80.7422922661541,6.23053757200891,0,0,16.2586594820427,1
924.02549958307,60.1092415698597,54.0323064094335,18.8272155201875,71.6598043247628,23.4787818483397,0,10.5240424705204,12.90833003497,1
921.459843557742,77.0532952188329,51.7823519072013,5.99008611065874,74.5180391984533,8.11886343616485,0,0,12.9325887677914,1
922.357267009775,74.358711915091,166.88901695514,4.17919256269487,209.959132856335,6.90357422359218,0,0,12.4902678698458,1
918.944562105414,62.3535133132245,165.627566566105,3.51270506493154,189.121440662526,4.6576313475631,0,0,23.2970494097609,1
921.340000000009,70.0159999999987,100.1,2.23693999999967,148.2,3.31067120000002,0,0,6.29000000000009,1
925.300000000001,70.4660000000042,64.6,6.73318939999989,72.2999999999999,7.94113700000009,0,0,13.2300000000003,1
919.888128170697,68.6878221038969,228.517729864594,3.96085768002671,247.954028132927,5.18554715949424,0,0,14.4928391891868,1
918.326884454048,74.3630205403493,70.4477660422867,3.75171726559465,101.916838808815,5.20625351493899,0,0,10.4464148398853,1
921.160291324155,75.1894177166766,225.537540334963,2.17327441024738,250.63815186865,2.91776277101472,0.035138440722599,263.538305419732,43.5711984769578,1
921.350000000006,61.8080000000006,64.9,7.60559599999963,79.5999999999999,9.59647260000012,0,0,18.47,1
921.170000000009,70.3219999999982,52.1000000000001,17.6941953999997,70.4999999999999,22.1904447999999,0,0,9.42000000000069,1
923.349126953682,48.6111609306966,46.6873457556324,14.1417940126929,67.6011822998558,18.1772169114629,0,17.9446538231057,17.203283082455,1
920.737447661805,70.9203551712725,41.535512793783,5.54451524416621,64.3737470923219,7.38019437521481,0,0,10.1000828907937,1
918.273968886736,55.5835867900711,47.8521276422035,6.50347288327946,63.6313011570207,7.91220507704334,0,0,24.3838461915282,1
919.370000000006,65.1380000000007,54.4,8.72406599999965,68.4999999999999,10.7596814,0,0,16.5500000000003,1
919.901807219287,72.9823710589138,56.4054618538101,6.80400790974873,73.6672958703985,8.41706326359136,0,0,12.5255836216707,1
920.827733579882,62.1840318224901,66.0643972645373,7.43705744125689,80.0965811863467,9.32834307472749,0,0,16.8021721534422,1
915.576939290285,73.7534353715065,182.389302086896,9.33340190233756,193.381521786456,10.8946913352059,0,0,31.6299772960463,1
919.871551377127,65.6674819362744,81.6629779277397,3.8429418028055,91.1394392213996,5.03738557613846,0,0,13.538289523665,1
922.542989053604,67.9060574184184,198.484233379467,4.28088478962786,208.609762096123,5.2623844541795,0,0,11.5018787858572,1
921.720000000002,59.8100000000042,51.1,19.5061168,65.5999999999999,25.3668996,0.00999999999930878,60,10.6800000000004,1
925.305089731804,57.0931296402991,52.6631033355909,15.4027669160742,68.3546204492603,19.9531656744422,0,3.57931109606118,17.8512272947284,1
920.225445990265,75.2401692326797,213.627641578705,3.01616503354734,222.478617921065,3.87170466052144,0,0,23.2774177290818,1
921.269442626127,54.1581691759519,50.7355045350488,4.92506387367236,65.8112713921497,6.25987408775675,0,0,19.6651533714204,1
916.230300451527,62.7208028400242,46.6515779579506,9.51409196628409,66.3941345373884,12.0901722505666,0,0,28.2723621084033,1
921.559753985231,70.9458668828601,166.212920088324,3.97513662138001,210.303123490445,6.39681211385535,0,0,15.4526310296335,1
921.591567362941,59.4285550679229,49.6230246737674,16.4751429117326,64.1872409922991,20.7127027289168,0.00357836814656728,47.1567362936292,15.9842679107313,1
918.570000000006,76.0460000000039,209.2,3.13171599999976,222.7,3.98175319999993,0,0,25.7200000000005,1
920.217105596039,56.6458378227392,73.9205545078888,3.99282572808905,63.7761868916227,4.79859578827469,0,0,22.9147242851995,1
921.61337253065,68.658972565101,70.7035554621347,2.24893157454922,96.8447011960462,3.04304912088379,0,0,12.383206793771,1
921.620473116103,75.3656238416098,178.061091391296,1.88643668495843,203.356990732857,2.42544026607054,0,0,13.1718129770624,1
921.038077493461,51.3550080272172,46.527495161529,16.5418934695791,59.7337274956407,21.0310174686221,0,19.0264762805541,11.5954990323058,1
918.174955641638,73.221486889789,183.610323979368,1.64583334567515,186.220943681198,2.35281193358618,0,0,9.72362883657184,1
920.710000000009,50.4140000000004,45.7,16.2849231999998,58.3999999999999,20.7588032,0,20,11.43,1
925.172808361213,72.0851734395794,229.849825808094,2.62077806435268,222.441536774591,3.47321834403909,0,0,15.3448292642405,1
923.860558987049,58.2730147393415,53.2821492399512,14.09544370991,69.9271760477462,18.3914609940243,0,0,19.312291331157,1
918.840000000008,68.9539999999995,45.8,3.8922755999998,82.4999999999999,5.56998059999983,0,0,14.7399999999999,1
918.700000000004,69.4220000000046,161.1,0.782928999999939,193.6,1.18557820000005,0,0,18.1800000000004,1
915.820000000007,62.4919999999992,45.3,8.5674801999998,65.2999999999999,11.1399611999998,0,0,29.9200000000001,1
921.727033512247,61.2496174315076,56.5014511411809,10.2417652959665,76.7739116441143,13.1227900396095,0,0,17.9185520773563,1
914.621061536156,74.4035419684017,176.989385513988,4.27043096028907,194.318063278845,5.25635081055292,0,0,19.4775605334794,1
920.340430562814,67.2812226224231,196.693374605532,4.6392438037943,209.023159324127,6.06062533900995,0,0,15.2536754404437,1
923.394623971262,62.2310392166469,44.9311662810435,15.0051754697974,63.5209747700081,19.2648777006653,0,0,10.9409164022591,1
920.698901483526,50.9648035179857,45.1133641288016,16.0437493926785,59.4305765304837,20.5495494554124,0,18.4144976454095,12.6476658083255,1
925.278535468258,58.0947662509894,52.6062028347667,18.2542494174101,68.4023905766587,22.7421060721784,0,10,14.5516670713884,1
918.600000000006,87.4400000000036,40.9,3.40014879999977,53.4999999999999,4.40677179999992,0,0,12.1100000000005,1
919.900000000011,70.4840000000008,46.1000000000001,21.0496053999995,64.9999999999999,26.7985412,0,32,15.7200000000012,1
925.290000000009,68.3599999999982,39.9,14.0703525999996,55.8999999999999,19.5284861999999,0,0,13.9900000000006,1
920.767570579408,51.4119513647953,35.9227684549772,10.327253488297,61.5213079399393,14.1461696490617,0,0,39.1891367381667,1
920.423862879329,70.8600579930892,198.973954374256,4.38891561841625,211.300843632301,5.2594430401761,0,0,11.9506642082824,1
920.828413636887,69.815763316967,48.6316427102201,12.8165316532598,65.1766976691268,16.2562066616575,0,0,13.9360411277114,1
922.170000000009,64.1119999999989,68.8,6.10684619999976,92.9999999999999,8.6569577999999,0,30,9.71000000000005,1
920.300167510041,66.9531102055907,49.2385687061412,21.4181968687793,62.8030019057011,25.8156306165877,0,38.2771374122823,13.0286773344843,1
920.650000000004,51.8180000000051,34.9,10.0214912,60.8999999999999,13.8019198000001,0,0,39.9500000000002,1
922.900000000004,71.0780000000011,151.8,3.15408539999965,182.4,4.38440240000001,0,0,23.7900000000001,1
919.491133340018,68.8055952432284,228.801705805788,4.12623431271015,247.190470670689,5.39691492453361,0,0,15.0632499749696,1
920.410000000008,65.9839999999991,50.1000000000001,21.5193627999998,62.1999999999999,25.5458547999998,0,40,12.2900000000001,1
922.180000000003,70.1060000000043,62.1,3.62384279999998,72.8999999999999,4.04886140000004,0,0,16.1200000000004,1
922.872788846704,62.7794083305883,45.4520186652529,14.9831921578666,63.6192488047646,19.1197878419219,0,0,10.448563488129,1
919.00959051221,62.5830253372127,166.775126686047,3.63535172581186,190.013987422481,4.85728870248451,0,0,22.4249037186046,1
920.09567763463,53.8003301819342,212.84840519508,4.36622185708955,223.009959657481,5.13137124506058,0,0,19.8175518978252,1
919.090796366432,74.9020192756752,221.198708716318,2.01585086261086,243.457306419671,2.69408610402443,0.0272088810370824,204.066607778304,39.6886374149698,1
924.670000000009,59.917999999999,163.2,1.74481319999976,165.6,2.66195859999989,0,0,9.90000000000005,1
920.823910238641,66.57096157046,198.00539586663,4.12836921792714,210.595935453293,4.95664842435977,0,0,13.52217246404,1
916.990000000008,75.0739999999983,73,4.60809639999974,98.9999999999999,6.37527899999991,0,0,8.83000000000067,1
922.120000000008,55.5799999999995,51.9,14.2940465999998,72.1999999999999,19.0139899999999,0,0,19.1900000000007,1
920.091802981898,75.6640484818438,90.8809114503358,1.15495371231321,91.8011661736368,1.75102825746233,0,0,13.8338918734129,1
920.80272584854,72.8910007040063,99.3992076285174,2.01485901427553,147.090412078486,2.99714510250714,0,0,6.92947303897827,1
919.721008002923,70.2349850446951,118.161587019447,3.32550979082819,161.676002750261,4.96445992068158,0,0,18.7833775497216,1
922.355359164409,59.8194529132862,53.3967002157989,14.1928163006769,70.5228411221542,18.0224701237499,0,0,19.4130961899031,1
923.52129615769,71.5744286102091,40.1543785887732,4.72938709863335,64.9175143550925,6.51634707915345,0,0,16.2487838451622,1
915.644139092303,82.3349195090728,117.954761843959,1.5636111870377,135.193535219588,2.39907406407494,0,0,19.833902594626,1
922.273264482376,68.7891678500381,57.1875078533293,9.58384448622642,82.3306421212918,12.7722945889172,0,0,7.52205657827961,1
919.242813027423,61.4497223976914,259.308971232721,1.81852750251745,256.218518819399,2.36309253036969,0,0,16.3792409075466,1
919.517596583516,75.6289488166039,120.844043785946,2.12428637587935,121.61857695677,2.79490384723641,0,0,14.1332887990863,1
919.400000000008,58.4059999999991,40.4,6.68845059999975,61.5999999999999,8.41089439999988,0,0,15.0200000000001,1
919.840000000007,65.677999999998,64.9,9.48462559999975,74.7999999999999,10.8715283999999,0,0,18.11,1
923.734615141283,59.0893501351963,53.3288512465477,18.6539859480934,70.6959131856121,23.2684035687431,0,11.0248808864145,12.9557702493097,1
923.14046962414,58.2345193409911,47.6659760597201,10.3519342071997,65.705018448523,13.109225387454,0,0,17.216162540716,1
923.107768093433,60.6016398114118,51.2085172105371,17.1888352018182,64.2473576776596,22.1957129243157,0,19.3483837170717,9.17563368767871,1
923.621725959459,71.6334564787671,197.484268006308,3.90157857337147,211.233139026811,5.18455246671454,0,0,13.7314639873835,1
921.569845904315,61.7912793255886,62.2061135669218,8.47833605979143,78.7949304912639,10.7809055382889,0,0,18.2315755685667,1
920.508940033668,80.9889222420938,58.9035771042393,9.48231341723832,78.4823777774933,11.8218161370333,0,0,19.1719174745294,1
920.080777067159,60.966454006613,163.71308791632,2.75132947175408,190.116837012559,3.64500758862177,0,0,20.4813089031276,1
921.530000000004,77.7020000000024,97.1,3.26593239999968,125.9,4.45151059999994,0,0,14.56,1
918.100000000007,73.4540000000004,198.9,1.45401099999984,175.3,2.23693999999984,0,0,19.2500000000001,1
920.700000000012,76.1720000000025,190.9,6.26343199999943,199.6,7.27005499999974,0,0,35.8500000000012,1
915.700000000002,60.5120000000023,79.1,8.2319392,88.2999999999999,9.43988679999998,0,0,16.7900000000004,1
915.300000000001,69.5300000000015,74.5,1.29742520000002,95.3,1.67770499999993,0,0,23.64,1
920.240000000006,74.4080000000041,173.1,6.48712599999978,180.7,7.35953259999999,0,0,27.8800000000004,1
914.000000000008,66.6499999999985,173.8,8.36615559999977,181,9.43988679999991,0,0,30.9200000000006,1
916.830000000006,80.7979999999984,193.8,1.94613779999986,218.7,2.68432799999983,0.0799999999999272,530,44.3799999999999,1
915.150000000007,84.2360000000053,203.6,1.11846999999981,212.6,1.83429080000005,0,0,35.4700000000003,1
919.170000000001,79.9879999999998,167,5.07785380000005,183.7,6.64371179999999,0,0,22.24,1
912.600000000006,58.4060000000054,172.7,3.82516739999982,189.1,4.76468220000004,0,0,64.8400000000001,1
914.620000000006,66.1280000000044,172.4,7.65033479999982,187,9.5964726000001,0,0,46.6999999999997,1
916.820000000008,50.2880000000006,73.7,2.68432799999973,90.3999999999999,3.42251819999989,0.470000000000027,1030,58.73,1
918.460000000011,79.448000000002,177.9,2.93039139999937,187.6,3.48962639999979,0.0499999999999545,140,29.4600000000009,1
916.040000000008,62.1319999999994,50.2,3.75805919999983,63.8999999999999,4.67520459999985,0,0,26.1099999999999,1
916.280000000012,71.6900000000022,185.2,4.02649199999937,200,4.74231279999978,0,0,43.0600000000011,1
921.860000000006,54.176000000001,215.2,4.07123079999962,242.5,5.54761119999992,0,0,20.7800000000003,1
916.860000000011,79.3220000000026,96.2,1.76718259999943,134.7,2.57248099999974,0,0,38.7700000000012,1
918.800000000004,67.0820000000023,176.1,4.87652919999969,183.4,5.56998059999991,0,0,18.9,1
917.350000000006,74.9480000000051,190.1,1.31979459999981,215.6,1.9237684000001,0,0,57.8999999999999,1
920.740000000004,59.0900000000021,180,8.99249879999963,194,10.7596814,0.0800000000001546,520,35.26,1
916.400000000007,78.5119999999996,182.5,3.91464499999984,191.6,4.63046579999986,0,0,34.71,1
920.14000000001,64.057999999997,50.4,4.20544719999962,61.9999999999999,5.01074560000003,0,0,23.7800000000002,1
917.600000000012,74.9300000000022,63.9,11.6544573999994,84.6999999999999,15.0993449999998,0,70,53.8300000000011,1
914.960000000005,66.776000000005,172.7,4.9883761999998,183,5.8160440000001,0,0,27.4,1
917.900000000011,76.8020000000023,154.1,2.55011159999944,199.4,3.40014879999976,0,0,30.3100000000012,1
915.500000000012,68.8100000000023,177.4,3.55673459999943,195.7,4.58572699999975,0,0,50.3600000000012,1
912.900000000013,78.332000000002,167,7.82928999999953,177.1,9.88727479999983,0,0,28.860000000001,1
914.970000000008,67.0460000000007,191.9,3.28830179999974,203.2,3.84753679999985,0,0,26.4700000000004,1
919.880000000006,61.5020000000007,192.2,10.9162671999996,201.7,12.5716028,0,0,20.2200000000003,1
923.470000000006,53.0600000000007,29.9,4.42914119999966,60.6999999999999,6.46475659999997,0,0,31.8000000000003,1
918.770000000001,68.6480000000015,160.3,2.14746240000003,198.4,2.95276079999996,0,0,34.0800000000002,1
921.170000000003,59.3420000000047,180.8,6.82266700000003,190.4,8.25430860000006,0,0,31.2300000000004,1
919.000000000002,63.4640000000015,96,0.782929000000023,105,1.23031699999992,0,0,28.43,1
914.970000000012,73.6880000000022,188.2,2.25930939999944,186.6,3.06460779999974,0,0,40.9800000000012,1
918.000000000012,66.7580000000026,171.6,5.70419699999943,180.3,6.75555879999976,0,0,54.2100000000011,1
918.080000000006,73.7060000000044,169,2.8856525999998,192,3.8251674000001,0,0,31.4999999999998,1
919.000000000004,61.2500000000011,182.2,5.61471939999964,191.5,6.73318939999999,0,0,32.1600000000001,1
915.600000000008,69.2060000000005,178.7,2.57248099999973,183,3.24356299999983,0,0,38.5700000000004,1
916.030000000003,62.5100000000046,186.5,6.21869319999987,191.8,6.82266699999996,0,0,31.8500000000004,1
913.200000000009,63.3740000000007,178.8,7.22531619999974,189.7,8.50037199999986,0,0,49.1800000000003,1
914.430000000007,74.2459999999985,176.9,4.20544719999984,194.4,5.18970079999985,0,0,19.4499999999999,1
913.800000000004,68.9540000000054,139.6,2.2369399999998,188.5,3.53436520000005,0,0,35.1600000000001,1
923.630000000002,53.7440000000013,54.4,2.84091379999999,87.6999999999999,4.04886139999997,0,0,33.7200000000003,1
917.10000000001,61.5019999999969,189.1,3.73568979999965,197.5,4.3396636,0,0,32.6800000000005,1
916.080000000012,61.2860000000023,155.4,1.96850719999945,191.4,2.68432799999974,0,0,62.1200000000012,1
918.600000000006,72.8240000000048,186.2,6.30817079999981,191.8,7.00162220000006,0,0,22.5,1
916.450000000005,62.6540000000006,193.7,3.53436519999967,208.8,4.42914119999994,0,0,47.43,1
918.600000000006,40.2800000000007,163.8,3.15408539999962,198.2,4.51861880000002,0,0,39.7699999999998,1
919.300000000005,64.2200000000041,182.2,10.7596813999998,186.5,11.7886737999999,0,0,34.6300000000004,1
921.730000000002,57.776000000004,80.6,2.10272359999994,58.7999999999999,2.66195860000011,0,0,23.9300000000003,1
922.820000000008,55.093999999999,59.9,2.75143619999979,75.7999999999999,3.44488759999996,0,0,35.2099999999999,1
922.790000000008,53.978,182.6,1.85666019999976,208.2,2.63958919999998,0.0199999999999818,180,17.39,1
913.870000000012,66.9380000000025,171.9,6.50949539999945,182.3,7.47137959999975,0,0,57.4300000000012,1
913.640000000005,74.5160000000047,219.4,1.8566601999999,229.3,2.28167879999997,0,0,37.5300000000003,1
914.210000000003,64.4720000000052,99.1,11.9676289999999,110.7,14.1598302,0.00800000000015189,34,44.4400000000003,1
917.900000000007,82.8859999999992,46.8,3.89227559999986,77.3999999999999,5.12259259999984,0,0,41.6699999999999,1
918.400000000005,78.4220000000032,257.4,1.76718259999977,277.4,2.30404819999992,0,0,28.7300000000005,1
921.440000000008,61.2139999999987,200.5,5.50287239999971,211.2,7.0910998,0,0,13.3200000000001,1
919.730000000012,67.1180000000022,206.3,2.50537279999942,229.8,3.26593239999977,0,0,64.080000000001,1
915.390000000013,71.4200000000017,183,2.16983179999954,207.7,2.68432799999981,0,0,40.3400000000011,1
918.000000000005,60.3140000000007,187.5,4.27255539999968,207.6,5.54761119999993,0,0,35.83,1
922.883180104247,69.7777170642021,194.01658573895,3.28598689755169,219.82870400013,4.35620590719768,0,0,19.281667200234,2
920.935243296655,64.8842062953205,47.927046249409,15.0116453023722,64.3188612517729,18.627607083796,0,0,9.89545705669774,2
916.870000000007,67.603999999998,66.3,4.40677179999975,79.1999999999999,5.34628659999988,0,0,18.75,2
924.017856259531,68.3703068965938,56.3040829315205,15.1627998908655,76.585116796161,19.8035775667991,0,0,11.5992395258226,2
917.318987129667,74.0666077222066,177.170040108276,2.64317660613254,190.190297515173,3.28301697047247,0,0,12.9551061357251,2
920.280000000009,74.0299999999969,120.9,2.23693999999965,119.8,2.88565260000003,0,0,13.4800000000003,2
917.800000000008,73.7779999999993,181.9,0.939514799999804,185.3,1.54348859999982,0,0,11.4799999999999,2
919.3224913343,72.2093725646678,181.438638989608,2.7169116808986,186.786607700152,3.3552867108516,0,0,12.3412072193985,2
924.31828030333,71.8733558354326,196.907264536946,5.92507238342174,216.190067570195,7.46531091676684,0,0,15.2633397838051,2
918.370000000007,72.9319999999987,184.5,2.0132459999998,186.7,2.77380559999986,0,0,8.8100000000001,2
917.440000000012,64.7779999999999,34.6000000000001,19.1705757999996,62.3999999999999,25.8590263999999,0.119000000000028,681,13.3100000000011,2
921.211065935867,59.810763056161,55.3031429974202,17.8962918760592,76.7420222513829,23.439768470185,0,8.21318717287235,8.76294502617062,2
919.560000000007,78.4760000000041,179.3,5.95026039999975,192.2,6.9792528,0,0,20.1900000000004,2
920.360000000003,74.1920000000011,56.1000000000001,4.71994339999964,72.6999999999999,5.56998059999999,0,0,14.7300000000001,2
920.631997681081,68.6195406743923,192.664515353402,3.95758809977012,221.738631737008,5.10617133743388,0,0,15.4556647627382,2
923.485042025996,68.4526106296157,38.3766775878611,4.67154594622357,64.9297763216184,6.48399638360689,0,0,18.3997506774229,2
920.844324383308,69.7458300361858,48.757448612155,12.9009577295421,65.0138900313287,16.3042136462102,0,0,14.157681525532,2
921.900000000004,78.2060000000023,50.7,5.36865599999967,74.4999999999999,7.44901019999994,0,0,13.49,2
920.957021189953,65.2369571120897,75.1213018360105,3.89111664645439,92.4847308117021,5.18746680903647,0,0,9.16114873687777,2
918.977516202497,53.6358811848151,47.4890523734404,7.65012486326468,64.4867817204706,9.53536615761674,0,0,23.8993327248714,2
919.759618020604,69.7735241497791,120.201208926892,3.39915860315075,161.918308426843,5.08676557164224,0,0,19.6488531373141,2
920.742823398151,74.5153762714524,51.4227186656178,13.8760939864564,66.8547632351568,16.9861783401909,0.00999999999999091,75.8629526539646,9.40663621093131,2
915.59886751328,70.0433043168624,177.875407186599,3.74558653772448,186.606695875868,4.58963242869943,0,0,10.6574216578226,2
922.040000000009,68.5759999999986,58.3,9.55173379999966,81.8999999999999,12.5716028,0,0,7.5400000000001,2
921.565442356086,64.3435908061662,65.2314497785837,11.0532606948277,81.5886986715019,14.2489663548485,0,0,14.1197216560896,2
918.637062305999,73.4299449134955,181.467475404199,1.02488523258775,186.394032801143,1.63455039476039,0,0,12.9607606750355,2
917.848286537763,72.3595339314334,174.71543223075,2.91690447624634,191.976254700224,3.57904465113334,0,0,13.0342737111399,2
920.334776901395,83.0042047325003,53.8869959021659,13.7088767872178,75.0405869394091,17.1720933180115,0,0,25.6478191811032,2
917.590000000001,82.6699999999999,170.9,3.60147340000003,183.4,4.71994339999998,0,0,13.88,2
920.897662302519,66.5287859626602,198.122180130317,4.07929333836529,210.715248839593,4.84264381703043,0,0,13.3827096559048,2
924.200000000003,68.8820000000038,56.3,9.88727479999988,68.9999999999999,11.8781514000001,0,0,14.2300000000003,2
922.302774167898,69.0281820407631,197.807809615127,3.97318894606927,210.992190384873,4.98429995055862,0,0,13.5563555129408,2
921.874478403971,68.0938479498513,70.9086537312092,2.14658555040553,96.0953036744281,2.89129467129145,0,0,12.4794452123367,2
921.125625973345,68.8187718944121,71.7990922763454,2.57653776671464,95.4723335617643,3.48744358739647,0,0,11.7422012298629,2
923.833996226097,68.3998621887099,57.1257479247425,13.0978212402556,78.7034249062432,17.1683828151466,0,0,9.77760256562978,2
922.170000000004,56.6960000000023,48.4,12.2136923999996,64.8999999999999,15.5914718,0,0,14.93,2
921.168738635906,63.9841053260603,75.0259074681293,4.71812661174279,91.2464610402871,5.96482483971621,0,0,10.4645915563463,2
923.038403339723,60.636998458547,51.0001209591126,17.0708015032212,63.7022982231381,22.1049176428471,1.20959112527731e-05,20.0483836450144,8.90215307220319,2
918.355310727325,64.1736853562958,53.7577078569541,14.5585977567743,72.168200194582,17.2649341230092,0,0,19.5094995135449,2
920.181294656664,58.9081093132383,57.9008854960288,9.39512067868866,75.7243358779783,11.7354312129776,0,0,18.9331419846211,2
922.698232022417,60.2747979524099,137.924941657862,3.30054566938877,147.139294048877,5.14677771895239,0,0,19.8183735049127,2
920.920000000006,74.2100000000006,60.9,8.45563319999966,76.2999999999999,10.6702038,0,0,15.7400000000003,2
916.818071508123,74.3029252505629,177.557563500902,6.65434097188292,183.685075233321,7.46913216211249,0,0,13.5946303160483,2
923.054433023642,65.1635702241293,151.842543965489,3.54404549357856,181.171008101814,4.94376453848197,0,0,11.9997909251093,2
923.831559617845,50.0021229721113,198.889160321009,5.90643360032665,215.506794999173,7.165717543258,0,0,39.9398867237962,2
923.051873414024,68.1943223203919,227.295374009166,2.47447780082463,253.566743392271,3.2768455261086,0,0,10.1455339538957,2
920.70121139682,73.8531314783589,61.1917181375817,8.23690610612293,76.4566634442567,10.3825957981068,0,0,15.9026058507634,2
922.69285760378,62.7270702776561,60.4055853941207,7.65979056369521,76.3471351843689,9.66258950071237,0,0,25.0485079046084,2
917.200000000012,74.1379999999997,176,3.06460779999956,191.4,3.71332039999993,0,0,13.3200000000011,2
923.18778266195,56.5327437544121,50.0936937817427,7.69557064919402,56.9979578933886,9.42723629339201,0,0,13.4969165167514,2
923.610000000002,58.4060000000022,47.7,10.6030956,67.0999999999999,13.6229646,0,0,17.9800000000004,2
920.992757290378,63.4855222773864,163.569123235789,1.40101039276202,195.12850486025,2.01407027965986,0,0,13.9237018506883,2
917.803773600585,77.0278834952158,178.478373614306,5.3529334986548,192.95315752022,6.3666098242615,0,0,19.9366651977444,2
920.811168887207,74.4839731998324,204.483735506732,4.45679608736332,220.888954434585,5.60223330683953,0,0,21.9809455097378,2
920.930000000007,75.433999999998,40.2,2.14746239999972,65.0999999999999,2.97513019999991,0,0,15.09,2
920.59812156305,53.1549276302824,44.8254972868272,5.34924034815331,73.4216297025641,7.24704911607537,0,0,19.31840056083,2
917.762580732123,82.0643341313786,110.257852368425,2.23450814584762,129.779879544535,3.20625448827962,0,0,16.578661965925,2
921.414277433471,62.5644959477011,64.9988883591766,8.63421006671948,80.193330155059,10.9845485717564,0,0,17.1720902858083,2
921.557539920745,64.2505852210053,65.2192921857522,10.9268001982833,81.515753114513,14.0783126740279,0,0,14.2792900620029,2
925.27766119211,66.4665745906728,49.4049390974192,11.2288538812865,77.8993462959297,15.3440110941853,0,0,13.9327382937165,2
920.288154912912,75.7652368630875,91.578831664582,1.27115043064307,88.194484365701,1.89749363064312,0,0,13.2228815845622,2
917.785739233637,69.0567228059534,48.2881308274694,12.2218305646506,63.7059345862652,15.3325046959908,0,6.02967293132648,11.9844635197291,2
926.610000000004,66.9740000000034,40.1,7.80692059999992,64.6999999999999,10.737312,0,0,17.6300000000006,2
914.200000000014,72.3920000000019,212.9,2.25930939999954,227.2,2.95276079999983,0,0,23.0300000000011,2
921.700000000003,53.5640000000033,48.2,5.25680899999996,64.3999999999999,6.80029759999998,0,0,19.8900000000004,2
917.400000000003,61.9160000000045,251.8,1.76718259999993,267.4,2.32641760000005,0,0,20.5600000000002,2
920.502751175919,70.1388948683005,198.832132717464,4.3373630561627,211.203341243256,5.19004536021938,0,0,12.1891018687644,2
921.880000000002,47.5700000000036,45.6,13.2203153999999,67.3999999999999,17.4033932,0,0,31.9900000000004,2
920.563080074709,73.2546960324705,68.4509118454152,4.49162974690025,99.3006415631282,5.95255328197166,0,0,12.1028436491601,2
919.610000000002,70.2500000000037,119.4,3.40014879999987,162.6,5.07785380000009,0,0,19.6400000000004,2
919.550000000002,59.090000000002,49,20.8930196,58.5,24.6958176,0,0,12.8600000000003,2
921.17000000001,69.5479999999983,37.1000000000001,2.34878699999958,65.0999999999999,3.33304059999994,0,0,18.970000000001,2
916.472388218546,75.9300744959892,177.855503260135,4.9001033253861,193.524122011543,5.90216862090893,0,0,19.7446135052085,2
922.639489086677,72.4800316259792,68.5161726060634,5.10628710082421,75.8432037864383,5.95270085656307,0,0,10.8181349664249,2
921.370000000008,60.9799999999989,42.5,21.5417321999997,53.5999999999999,25.6353323999999,0.00999999999999091,50,11.9800000000001,2
920.310000000006,83.138000000004,53.2,14.1598301999998,74.4999999999999,17.7389342,0,0,26.3900000000004,2
916.475202889779,78.656872958296,120.9,2.63903934713791,132.56254778707,3.39497843970822,0,0,17.6383136921253,2
920.640000000002,53.8880000000039,42,14.7638039999999,64.8999999999999,19.4390086000001,0,10,19.1100000000004,2
922.717976713591,72.0557052872475,67.9193231388861,6.52273958506984,92.2171761234541,8.32862091704992,0,0.644104629533544,12.9978602814922,2
922.57206484933,60.671663851368,139.877384733899,3.05259823271448,145.640314473939,4.79479395289783,0,0,18.9390166135865,2
923.907920850937,72.7225940614141,225.406600735888,2.61146134272884,222.47722769414,3.46142471727528,0,0,16.6979867602923,2
915.836125758105,70.5523365576696,178.217735796425,3.33739821215165,186.363765214366,4.14272100095854,0,0,10.9153861554527,2
921.020000000003,73.7060000000033,70.9,4.1159695999999,77.9999999999999,4.74231279999998,0,0,9.35000000000058,2
919.180000000011,74.8400000000007,51.7,21.3404075999995,76.0999999999999,26.3511532,0.00999999999999091,138,9.1900000000012,2
924.571260179009,60.4212402562396,161.768827313603,1.9954691615036,167.097738857857,2.98458508510383,0,0,10.0187096724376,2
921.933298402703,64.6182692196922,73.213445111374,3.81559198132138,92.0331936107825,4.73350099966881,0,0,12.2849738020218,2
921.650000000003,62.8700000000022,56.7,10.7149426,77.2999999999999,13.7124422,0,0,21.1100000000004,2
916.540000000008,80.3839999999984,99.3,1.09610059999986,96.7999999999999,1.47638039999981,0,0,13.22,2
922.060000000006,61.7540000000012,56.2,10.4241403999996,76.9999999999999,13.42164,0,0,17.7000000000002,2
918.846598183232,74.938012503522,185.395861246661,3.06333563712281,189.244245940516,3.83191118855142,0,0,8.69174631544128,2
923.634016989317,62.5605117305458,62.9307001548906,13.1532427358622,87.4007759065776,17.5508237839581,0,0,16.4866794876418,2
921.520000000007,59.2160000000009,48.8,14.7861733999996,63.3999999999999,18.1192140000001,0,40,18.94,2
921.461165172356,63.1163285668902,65.0710233420771,9.38454163993958,80.6261400524621,11.9970927915319,0,0,16.2253186352391,2
920.667617655367,68.3953422564775,196.16481573568,4.14640585269757,212.353598111609,5.48913382206115,0,0,15.9157650668179,2
919.300000000001,63.6080000000024,171.9,4.18307780000004,194,5.74893579999997,0,0,18.5300000000002,2
920.986186534733,57.0736449901738,71.7392712880389,2.82100459096764,63.4742376232822,3.42570041318103,0,0,21.9058518813962,2
915.62563314631,77.3011367472616,209.222279709545,1.76015283838999,233.52237308359,2.39814239821143,0,0,20.406008556811,2
918.060000000009,74.8220000000004,271.1,2.08035419999977,295.4,2.86328319999991,0,0,42.4200000000005,2
915.300000000006,78.4040000000042,182.8,9.93201359999979,189,10.9833754,0.0200000000004366,170,35.1300000000003,2
918.070000000002,51.7100000000023,242.4,2.52774219999994,271.6,3.64621219999999,0,0,80.4700000000004,2
919.650000000002,77.0360000000015,70.6,3.82516739999999,85.5,4.76468219999997,0,0,22.0700000000002,2
917.390000000011,49.7839999999998,204.1,1.27505579999955,211.8,2.01324599999997,0,0,73.1500000000012,2
914.900000000007,78.6199999999991,203.3,1.81192139999987,240,2.75143619999983,0,220,47.8899999999998,2
919.350000000006,91.1120000000045,96.4,2.52774219999982,96.2999999999999,3.37777940000003,0,0,25.6200000000002,2
916.280000000008,55.5439999999982,174.6,2.59485039999974,191.7,3.37777939999975,0,0,79.9200000000005,2
914.670000000009,64.1660000000004,137.8,2.12509299999972,177,2.72906679999979,0,0,58.5700000000005,2
921.500000000006,49.5500000000012,90.7,1.74481319999961,112.3,2.68432799999996,1.52999999999975,5420,34.3500000000003,2
914.900000000008,64.6880000000009,174.6,5.65945819999974,184.5,6.86740579999988,0,0,43.3700000000003,2
914.540000000013,67.6580000000016,170.2,8.25430859999954,184.3,10.8491589999998,0,0,35.0500000000013,2
916.420000000002,45.0140000000056,82.8,3.06460780000006,129.8,4.80942100000005,8.73999999999978,7000,57.7100000000001,2
917.020000000006,53.2580000000009,180.2,3.13171599999965,216.6,4.45151059999993,0,0,25.0900000000003,2
916.750000000008,54.5720000000006,233.5,1.52111919999973,231.8,2.28167879999976,0,0,89.8400000000006,2
920.10000000001,53.4919999999985,186.1,13.4440093999997,193.8,15.3677778,0,0,31.47,2
915.570000000006,61.3400000000005,174.3,4.89889859999963,180.6,5.50287239999996,0,0,13.8900000000003,2
917.460000000008,58.2979999999989,182.3,5.90552159999973,190.3,6.93451399999992,0,0,25.76,2
925.740000000006,49.5500000000015,154.2,2.32641759999962,197.1,3.40014880000001,0,0,69.7799999999999,2
920.930000000009,63.8239999999986,196.4,7.6503347999997,204,8.56748019999999,0,0,20.6300000000001,2
915.320000000006,83.8399999999994,219.9,1.52111919999984,245,2.05798479999986,0,0,17.49,2
916.520000000004,51.6380000000042,190.8,7.40427139999972,198,8.38852499999988,0.369999999999663,2170,91.6900000000001,2
921.390000000004,46.6700000000007,46,1.70007439999969,72.6999999999999,2.21457059999997,0,0,38.09,2
917.400000000007,73.8679999999995,181.7,4.13833899999984,189.8,4.76468219999984,0.0500000000000682,460,58.9099999999999,2
914.950000000008,47.209999999998,183.9,7.62796539999978,191.2,8.61221899999985,20.0199999999996,11650,90.6800000000001,2
918.290000000013,75.2360000000019,210.9,2.30404819999937,232.8,2.97513019999978,0,0,35.9600000000011,2
918.20000000001,65.9839999999982,172.5,2.88565259999964,210.3,3.75805920000003,0,0,13.8500000000001,2
918.320000000005,74.7320000000046,239.5,2.05798479999981,273.4,3.0198690000001,0,0,27.4799999999998,2
920.180000000011,62.7439999999993,32.6000000000001,3.01986899999959,51.2999999999999,3.82516739999994,0,0,45.2100000000007,2
913.610000000008,79.6280000000004,180.5,3.2659323999998,187.9,3.7580591999999,0,0,12.7600000000006,2
918.000000000004,66.8660000000042,198.4,2.68432799999971,210.8,3.26593239999989,0,0,62.27,2
919.080000000001,72.7519999999998,166,2.46063399999999,198.9,3.13171599999998,0,0,41.9499999999999,2
913.060000000003,64.8140000000056,139.9,1.18557819999991,184,1.94613779999996,0,0,60.8000000000004,2
917.210000000008,75.4160000000002,173.5,2.30404819999983,194.5,3.15408539999988,0,0,48.5700000000004,2
921.186223459361,71.2038227788007,214.248938374188,1.69079339655372,173.388878407993,2.67368146708012,0,0,17.1031506826432,2
916.790000000007,76.4240000000003,186.4,2.39352579999984,190.2,3.28830179999987,0,0,33.1100000000003,2
916.550000000011,57.9559999999995,174.4,3.13171599999956,195,4.0712307999999,0,0,60.4600000000012,2
916.550000000009,53.5099999999984,205.8,3.80279799999961,226.1,4.94363739999994,0.00999999999999091,10,84.4800000000006,2
917.220000000001,79.9519999999998,52.8,3.60147340000002,68.6,4.58572699999996,0,0,23.2500000000001,2
920.900000000002,60.3140000000022,214.5,2.30404819999994,239.3,2.88565259999999,0,0,62.4400000000004,2
918.400000000008,60.925999999999,189.3,5.18970079999976,195.6,5.6818275999999,0,0,13.16,2
916.100000000008,51.2239999999983,199.9,3.26593239999976,220.1,4.02649199999976,0,0,88.4300000000005,2
915.630000000012,72.3560000000025,165.3,3.80279799999945,179,5.25680899999974,0,0,52.3400000000011,2
924.140000000004,55.5620000000012,222.4,3.24356299999963,239.7,4.04886139999995,0.00999999999930878,140,90.66,2
917.800000000008,66.0020000000004,157,2.28167879999974,180.9,3.31067119999983,0,0,32.0600000000004,2
919.360000000007,48.739999999999,280.9,2.52774219999975,274.8,3.66858159999978,0,70,90.7000000000006,2
920.000000000008,74.8939999999986,46.7,6.97925279999974,64.7999999999999,8.97012939999976,0,0,27.3600000000006,2
915.490000000008,59.3240000000005,162.1,3.37777939999972,180.8,4.5633575999998,0,0,66.4500000000005,2
922.890000000002,63.1760000000058,183.6,4.40677180000008,198.5,5.72656640000005,0,0,31.7400000000001,2
921.540000000002,45.2840000000044,192.1,8.41089439999995,200.2,9.37277860000005,0.0799999999999272,397,77.1300000000004,2
918.710000000009,40.4600000000003,214.5,16.1283373999998,222.4,18.2757997999999,0,40,79.78,2
917.4,70.3219999999997,176.2,6.12921560000004,184,7.13583859999997,0.0499999999997272,270,49.43,2
917.080000000011,63.9679999999982,220,3.48962639999957,230,4.36203299999987,0,0,22.5600000000006,2
920.500000000008,40.8380000000002,185.3,5.56998059999974,203.3,6.9792527999999,0,90,70.31,2
914.060000000008,68.6300000000004,180,3.98175319999985,200.2,5.07785379999989,0,0,59.2100000000005,2
914.830000000011,74.5700000000024,175.5,1.40927219999945,153.8,2.23693999999974,0,0,47.5100000000011,2
920.400000000006,59.540000000001,277.8,1.94613779999961,257.4,2.48300339999999,0.8599999999999,6950,43.63,2
917.150000000004,49.3700000000051,169,10.2004464,184.6,12.6610804,0,0,34.7000000000002,2
929.320000000001,49.9820000000037,107.7,1.78955199999993,152.6,3.04223840000007,0,0,11.3400000000004,2
913.490000000008,51.097999999999,169.3,5.30154779999973,192.3,6.77792819999975,0,0,76.0500000000005,2
918.300000000001,51.8360000000015,203.5,1.67770500000003,189.8,2.2593093999999,0.0199999999999818,240,61.3800000000001,2
916.120000000011,49.0819999999987,212.2,1.70007439999957,232.5,2.57248099999991,0,0,77.3300000000006,2
915.600000000006,77.9180000000051,35.1,3.51199579999979,50.1999999999999,4.45151060000004,0,0,24.7100000000002,2
913.340000000008,57.2179999999987,215,3.71332039999984,224.4,4.47387999999983,0,0,81.77,2
918.590000000003,51.0800000000041,78.1,4.69757399999995,91.4999999999999,5.72656640000005,0.0200000000004366,80,46.2300000000004,2
917.540000000012,71.3840000000022,219.5,2.16983179999937,202.4,2.70669739999976,3.60000000000002,10970,75.480000000001,2
920.400000000008,79.1780000000005,205,1.65533559999976,233.7,2.37115639999991,0,0,40.0400000000005,2
916.300000000003,58.4960000000044,175,4.07123079999994,182.4,4.71994340000006,0,0,24.0500000000003,2
918.100000000004,61.9880000000047,191.1,11.0504836,199.4,12.7281886,0,0,19.2400000000002,2
919.920000000003,52.2140000000048,94.5,1.99087659999999,85.2999999999999,2.77380560000002,0,0,60.3300000000002,2
916.400000000005,72.9680000000046,175.9,3.19882419999982,186.4,3.95938380000012,0,0,19.9599999999998,2
921.480000000004,76.6220000000022,195.8,4.20544719999967,213.5,5.39102539999993,0,0,19.08,2
917.060000000006,79.1780000000045,218.8,1.49874979999979,215.7,2.21457060000009,0,0,34.2999999999998,2
917.15000000001,59.9539999999985,191.4,6.68845059999959,198.2,7.38190199999994,0,0,20.1200000000006,2
917.700000000008,65.371999999998,85.9,3.06460779999976,90.5999999999999,4.54098819999985,0,0,22.93,2
917.850000000006,65.3720000000002,129.9,1.45401099999984,176.2,2.23693999999985,0,0,39.3700000000001,2
916.320000000004,63.0320000000007,68.9,3.95938379999966,79.2999999999999,4.65283519999995,0,0,37.0500000000001,2
917.800000000011,75.9020000000019,161.9,8.74643539999937,183.5,12.5939721999998,0,0,42.0900000000009,2
911.450000000008,66.3260000000002,66.2,1.83429079999974,78.0999999999999,2.88565259999972,0,0,47.6100000000005,2
915.920000000011,47.4439999999985,204.7,4.11596959999956,224.1,5.34628659999993,0,0,72.380000000001,2
921.110000000004,63.9680000000049,36.1,3.28830180000003,57.1999999999999,4.02649200000003,0,0,26.6000000000001,2
913.070000000008,57.6140000000002,217.2,2.55011159999973,239.7,3.22119359999975,0,0,76.6700000000006,2
915.710000000005,78.0440000000046,53.1,4.27255539999985,72.6999999999999,5.18970079999998,0,0,26.5300000000003,2
917.100000000002,58.6400000000038,185.3,10.2451851999999,191.3,11.5873492000001,0,0,28.1300000000004,2
917.700000000008,56.2640000000002,199.3,3.55673459999985,211.8,4.69757399999986,0,0,75.1600000000003,2
912.300000000012,74.5520000000022,164.4,3.75805919999935,182.8,4.80942099999978,0,0,34.160000000001,2
924.16000000001,61.8799999999982,111.8,3.44488759999963,119,4.80942100000004,0,0,15.2100000000001,2
918.690000000006,48.9020000000008,200.4,4.47387999999963,222.1,6.0844768,0,0,77.7000000000003,2
921.800000000001,53.4920000000053,305.9,3.08697720000007,275.6,4.20544720000005,0,0,23.6700000000001,2
915.030000000007,72.4279999999984,162,2.37115639999986,190.8,3.3106711999998,0,0,43.1900000000001,2
918.300000000004,64.886000000005,140.6,3.75805919999978,90.5999999999999,4.80942100000004,0,0,36.0400000000002,2
918.370000000008,65.3179999999989,188.3,6.21869319999974,209.7,7.56085719999992,0,0,20.46,2
919.09000000001,56.1739999999981,21.7,5.32391719999959,40.5999999999999,6.37527899999993,0,0,40.0800000000007,2
918.160000000008,72.3200000000005,206.2,2.12509299999985,242.8,2.97513019999986,0,0,44.8500000000002,2
916.100000000012,76.3520000000023,138.6,5.03311499999942,161.6,5.77130519999977,0.894000000000005,2981,30.930000000001,2
918.780000000001,73.1480000000015,36.3,2.2816788,46.7,2.77380559999996,0,0,26.2700000000001,2
917.580000000011,63.9679999999981,161.8,0.872406599999563,139.8,1.56585799999991,0,0,22.3800000000006,2
914.900000000004,72.1400000000046,89.8,1.58822739999991,59.0999999999999,2.28167879999999,0,0,18.7800000000005,2
916.300000000008,63.3019999999981,184.8,6.12921559999966,201.2,7.69507360000004,0,0,13.8300000000001,2
918.790000000006,52.2320000000014,201,4.80942099999962,214.9,6.08447679999995,0,0,32.0800000000002,2
918.650000000008,73.1840000000001,174.1,8.27667799999982,185.3,10.1557075999999,0,0,47.5300000000004,2
915.640000000002,66.4700000000022,181.5,9.37277860000002,187.4,10.2004464,0,0,14.7100000000003,2
913.830000000007,52.2860000000004,175.2,5.50287239999966,182,6.35290959999992,0,0,52.3700000000003,2
915.200000000004,66.5600000000056,48.9,4.47387999999991,59.8999999999999,5.21207019999996,0,0,38.4000000000004,2
917.400000000011,74.0480000000026,182.1,3.08697719999943,201.1,3.89227559999974,0,0,36.1300000000011,2
917.180000000005,62.8340000000025,186.3,3.22119359999967,197.7,4.02649199999992,0,0,36.63,2
918.940000000002,46.6340000000049,260.2,2.77380560000005,287.2,4.00412260000002,0,0,76.0200000000001,2
918.490000000011,69.5120000000025,149.5,1.92376839999944,155.5,2.70669739999977,0,0,52.400000000001,2
913.630000000009,45.356,185.6,9.64121139999976,197.2,11.7439349999999,0.0900000000000318,540,64.8999999999999,2
915.600000000007,70.2860000000048,121.7,1.76718259999982,165.3,2.52774220000004,0,0,52.3600000000003,2
914.950000000005,39.5240000000007,274.2,2.16983179999969,263,2.86328319999997,1.75000000000068,6160,91.23,2
917.360000000008,60.5120000000005,179.9,3.64621219999976,198.5,4.54098819999991,0,0,74.4400000000005,2
912.990000000013,64.5800000000019,172.6,7.02399159999953,183.7,8.67932719999983,0,0,44.7800000000011,2
923.600000000006,51.980000000001,307.4,2.95276079999965,282.9,3.57910399999999,0,0,26.2200000000001,2
917.400000000013,69.9260000000022,197.7,4.45151059999939,214.6,5.65945819999976,0,0,70.8400000000009,2
915.310000000011,78.8720000000023,212.4,1.65533559999947,189.8,2.08035419999975,0,0,26.9500000000013,2
914.400000000013,79.916000000002,174.4,3.93701439999937,190.8,4.89889859999978,0,0,25.3900000000011,2
912.500000000005,57.3980000000056,123.7,2.6619585999998,133.8,3.86990620000005,0,0,67.2000000000001,2
909.860000000009,54.1399999999974,159.7,18.7231877999997,187.9,24.4721236,9.04999999999984,17704,90.0000000000005,2
914.860000000008,48.0379999999986,183.6,5.05548439999958,193,5.99499919999994,0,0,78.9900000000006,2
919.400000000003,69.8540000000048,119.4,1.00662299999987,158.7,1.92376839999994,0,0,26.4900000000004,2
916.640000000008,68.8999999999978,195,2.95276079999972,208,3.66858159999992,0,0,26.01,2
916.700000000005,69.4760000000012,302.1,2.10272359999964,292.8,2.9303914,0,0,19.3600000000001,2
916.250000000006,79.754000000005,48.6,1.0737311999998,99.7999999999999,1.58822740000003,0,0,41.9900000000002,2
918.380000000001,64.1660000000018,195.8,5.0107456,205,5.95026039999996,0,0,16.3000000000003,2
917.540000000001,77.5040000000001,150.7,2.14746240000002,207,3.44488759999997,0,0,35.4900000000001,2
915.600000000002,76.2800000000011,188.4,1.8566602,173.8,2.37115639999994,0,0,21.6100000000001,2
918.000000000008,59.3419999999983,175.6,5.14496199999975,188.1,6.35290959999977,0,0,60.7400000000005,2
923.300000000005,58.8740000000013,69.8,8.12009219999961,86.5999999999999,10.0214912,0,0,33.05,2
918.350000000005,75.9200000000042,126.3,1.6105967999998,169,2.5724810000001,0,0,16.2199999999998,2
918.730000000002,53.9600000000045,184.1,5.59235000000004,195.1,7.09109980000006,0,0,33.7000000000005,2
916.370000000007,76.7480000000005,206.7,4.04886139999984,215.3,4.83179039999987,0,0,18.5300000000004,2
914.250000000003,52.5560000000046,179,7.96350639999994,188.9,9.37277860000004,0,0,49.7900000000003,2
915.470000000004,64.9400000000048,174.4,1.29742519999991,219.9,1.92376839999997,0,0,50.2800000000003,2
915.000000000008,58.0100000000005,190.1,1.20794759999973,246.4,2.23693999999976,0,0,73.2800000000006,2
917.300000000008,70.0880000000005,183.7,2.63958919999973,201,3.42251819999983,0,0,36.3800000000003,2
913.500000000005,68.2340000000053,181,3.10934659999983,190.8,3.75805920000006,0,0,50.4800000000003,2
912.390000000002,41.5220000000036,35.3,3.84753679999997,50.4999999999999,4.56335759999999,6.02500000000066,14342,86.7400000000004,2
913.660000000008,80.2040000000002,146.6,2.3040481999998,145.3,3.06460779999989,0.00999999999999091,30,28.2600000000006,2
915.970000000006,63.7340000000046,205.7,2.3935257999998,220.3,3.08697719999999,0,0,87.2500000000002,2
922.200000000003,45.6800000000035,285.7,2.28167879999996,281.5,3.31067119999998,0,0,20.1100000000004,2
914.900000000011,53.942000000001,164.5,4.0041225999995,185.2,4.98837619999984,0,0,75.7700000000012,2
923.600000000006,65.0300000000011,62.3,7.09109979999961,75.0999999999999,8.4108944,0,0,20.86,2
916.300000000012,73.922000000002,223.6,1.58822739999949,240.1,2.30404819999983,0,0,13.6700000000009,2
917.010000000008,51.8360000000005,130.2,1.61059679999964,159.9,2.34878699999994,0,0,70.0100000000004,2
917.400000000006,70.7360000000001,187,1.18557819999985,220.7,1.72244379999985,0,0,39.4500000000001,2
916.180000000012,49.568000000001,181.6,7.2476855999995,191,8.92539059999983,0,0,83.6200000000012,2
917.210000000007,82.7419999999998,171.6,2.77380559999985,204.3,3.62384279999986,0,0,24.6200000000001,2
913.050000000004,50.0540000000046,174.3,5.50287239999995,188.6,6.77792820000005,0,0,58.7900000000003,2
924.460000000005,53.456000000001,179.3,3.89227559999968,201.6,5.21207020000002,0,0,25.2099999999999,2
914.900000000006,75.0200000000051,167.2,4.1830777999998,180.7,5.39102540000004,0,20,38.7200000000003,2
919.430000000008,60.5839999999992,77.6000000000001,2.14746239999974,96.0999999999999,3.75805919999992,0,0,21.4200000000007,2
917.900000000009,51.3859999999995,219,5.56998059999976,240.8,6.97925279999989,0,0,69.06,2
915.220000000012,73.2920000000023,148.3,1.78955199999943,198.5,2.90802199999974,0,0,41.4000000000012,2
921.050000000006,61.4480000000005,189,8.79117419999968,197.3,10.289924,0,0,27.6299999999999,2
919.110000000003,55.1660000000035,201.5,3.80279799999995,235.2,4.74231279999998,0,40,25.9800000000004,2
916.300000000011,68.7740000000026,67.6000000000001,4.11596959999946,78.9999999999999,5.18970079999974,0,0,42.5000000000012,2
921.550000000009,45.3379999999971,183.5,7.02399159999961,193.2,8.29904740000003,0.529999999999973,2940,91.1000000000002,2
916.200000000007,82.8140000000039,55,6.95688339999975,91.4999999999999,9.43988679999999,0,0,48.9200000000005,2
922.310000000008,58.9459999999994,200.8,3.53436519999974,223,4.65283519999992,0.75,3910,47.96,2
920.350000000009,46.8679999999981,181.3,7.42664079999959,193.7,9.23856219999996,5.55999999999995,5820,91.2400000000005,2
916.300000000006,83.0119999999985,198,4.36203299999987,210.9,5.43576419999982,0,0,35.4199999999999,2
916.510000000002,75.4700000000013,137.7,1.0513618,180.5,1.61059679999996,0,0,26.9400000000001,2
917.400000000011,69.2779999999999,169.1,1.58822739999956,174.5,2.21457059999992,0,0,22.2400000000011,2
914.800000000005,71.2940000000046,69.1,2.0803541999998,61.4999999999999,2.9080220000001,0,0,24.3799999999999,2
921.400000000004,63.0500000000014,223.2,1.31979459999964,185,1.87902960000004,0,0,40.7000000000001,2
916.100000000006,69.5120000000035,189.6,7.47137959999977,197,8.56748019999994,0,0,30.2500000000004,2
917.700000000003,59.4320000000052,90.2,1.65533560000006,120.8,2.34878700000002,0,0,23.5700000000002,2
919.85000000001,77.3600000000025,235.2,1.87902959999937,222.8,2.50537279999974,0,0,43.760000000001,2
915.140000000008,59.8100000000003,168.8,6.44238719999968,176.5,7.51611839999993,0,0,41.0700000000004,2
924.110000000004,55.1840000000031,212.3,3.6685815999999,226.6,4.67520459999994,0,0,48.6800000000004,2
921.400000000008,75.2359999999986,60.9,4.02649199999977,75.9999999999999,4.92126799999993,0,0,15.0600000000007,2
917.300000000006,73.1839999999999,178.6,4.67520459999985,183.7,5.25680899999985,0,0,36.57,2
919.550000000006,39.524000000001,212.4,12.3926475999997,217.1,13.5111176,5.0599999999996,10329,91.7000000000003,2
914.490000000014,77.7380000000024,44.8,9.50699499999936,54.2999999999999,10.8715283999998,0,0,23.110000000001,2
918.200000000007,89.2040000000046,225.5,1.18557819999981,265,1.76718260000002,0,0,26.5700000000003,2
916.690000000005,79.2140000000044,18.4,1.65533559999985,66.3999999999999,2.48300339999998,0,0,21.4700000000003,2
911.270000000013,59.8280000000022,218.3,2.25930939999935,235.9,2.97513019999979,0,0,86.7300000000011,2
911.600000000009,42.6379999999988,292.8,1.96850719999978,247,2.66195859999998,17.616,8330,90.2299999999999,2
915.290000000003,50.6120000000043,153.8,4.45151059999998,185.3,7.20294680000004,0,0,62.4600000000002,2
918.600000000005,64.3820000000048,177.1,2.46063399999991,190.7,3.06460779999998,0,0,34.9800000000004,2
919.390000000001,67.0640000000023,170.8,5.45813360000003,190.5,6.86740579999997,0,0,20.1800000000002,2
913.930000000008,81.7519999999982,120.9,2.90802199999985,141.1,3.73568979999982,0,0,20.42,2
916.260000000004,69.008000000004,68.6,2.70669739999976,79.4999999999999,3.26593239999991,0,0,42.7900000000001,2
921.300000000003,46.2380000000036,231.1,3.33304059999995,253,4.809421,0,0,73.9300000000004,2
915.070000000012,58.0460000000025,186.2,7.69507359999947,195.6,8.99249879999975,0,0,55.2000000000011,2
918.670000000007,71.9960000000041,177.2,2.72906679999976,197.3,3.5567346,0,0,32.5900000000004,2
916.070000000006,77.6660000000034,198.1,2.32641759999977,216.7,3.06460779999992,0.390000000000555,900,28.4500000000005,2
917.810000000005,73.7600000000044,213.4,1.61059679999981,239.7,2.14746240000007,0,0,30.6699999999999,2
915.010000000013,60.6020000000023,179.8,6.35290959999947,194.5,7.67270419999978,0,0,51.9600000000011,2
917.000000000001,77.8639999999997,234.7,1.16320880000003,250,1.61059679999997,0,0,30.8200000000001,2
919.700000000007,72.4280000000039,241.6,1.34216399999976,287.6,2.08035420000001,0,0,48.5900000000004,2
914.000000000005,73.4540000000051,173.7,4.54098819999979,181.1,5.27917840000005,0,0,33.7400000000003,2
924.290000000005,62.3300000000008,43.1000000000001,2.30404819999964,61.7999999999999,2.86328319999994,0,0,35.77,2
916.320000000006,70.0160000000047,192,3.62384279999981,201.4,4.362033,0,0,66.7900000000002,2
919.700000000012,73.8140000000022,227,1.40927219999936,255.4,1.90139899999975,0,0,33.590000000001,2
920.610000000009,65.0299999999984,191.2,2.55011159999961,194.7,3.75805919999995,0,0,20.0300000000006,2
921.860000000003,38.5880000000051,209.9,3.579104,172.2,4.33966360000005,18.08,15800,81.8200000000002,2
916.040000000008,51.8179999999981,177.8,4.09360019999978,189.8,4.76468219999984,0,0,77.49,2
917.35,77.7560000000001,40.5,2.05798480000002,96.7,3.86990619999997,0,0,26.3900000000001,2
918.660000000008,57.2720000000004,286.3,3.93701439999964,312.2,5.48050299999993,0,0,46.5600000000004,2
916.840000000003,55.2740000000046,51.7,4.94363739999994,71.8999999999999,6.24106260000006,0.0100000000002183,110,20.9200000000002,2
913.650000000006,65.6780000000052,166.1,8.88065179999979,182,11.9676290000001,0,0,42.4400000000001,2
919.760000000009,64.8139999999967,214,4.29492479999964,232.1,6.12921560000004,0,0,31.4900000000004,2
919.970000000003,64.1840000000022,185.5,0.738190199999941,215.2,1.31979459999999,0.010000000000332,10,32.7000000000004,2
918.800000000003,49.8740000000044,52,3.86990619999998,61.1999999999999,4.56335760000001,0,0,40.2600000000002,2
915.200000000004,59.9720000000046,168,1.99087659999998,186.2,2.46063400000001,0,0,35.9200000000002,2
916.160000000004,48.1280000000051,183.1,12.8176661999999,193.5,14.9874979999999,5.27200000000028,10725,91.4900000000003,2
913.410000000003,63.4820000000055,48.4,4.22781659999991,28.8999999999999,4.78705159999995,0,0,49.2000000000003,2
917.090000000005,55.2740000000036,198.3,6.01736859999975,207.4,6.95688339999991,0,0,78.2000000000001,2
915.930000000004,68.1980000000055,186.7,2.08035419999982,171.9,2.61721980000006,0,0,48.8400000000001,2
917.000000000003,51.2960000000053,151.7,3.06460779999998,183.2,4.85415980000002,0,0,23.2900000000002,2
914.600000000007,62.3660000000045,200.4,1.5882273999998,235,2.1027236,0,0,86.6000000000002,2
914.560000000013,76.2260000000024,173.3,6.64371179999937,185.4,8.05298399999977,0,0,25.8400000000011,2
915.600000000013,69.5840000000023,185.5,4.63046579999937,198.2,5.48050299999977,0,0,28.9700000000011,2
917.690000000009,64.9940000000003,178.3,2.97513019999972,193.9,3.7356897999998,0,0,54.8800000000005,2
919.200000000012,70.2499999999989,156.7,2.01324599999955,172.3,2.61721979999992,0,0,42.0600000000011,2
917.920000000006,84.650000000004,30,4.83179039999977,40.0999999999999,5.83841339999993,0,0,16.2200000000004,2
917.200000000006,65.2640000000041,137.6,1.76718259999975,176.7,2.55011159999991,0,0,58.3700000000001,2
916.130000000009,50.1079999999984,211.4,2.55011159999974,231.8,3.53436519999992,0,0,89.8000000000007,2
921.260000000005,52.6460000000009,261.9,2.03561539999962,260.5,3.04223839999995,0,0,91.11,2
912.900000000007,71.8700000000003,129.2,1.43164159999981,160,2.0579847999999,0,0,51.8400000000006,2
915.000000000008,55.0400000000005,191.8,5.36865599999975,220.9,7.0687303999999,0,0,73.5500000000005,2
918.900000000005,63.1040000000007,192.9,3.86990619999968,207.3,5.21207019999993,0,0,26.0200000000001,2
918.710000000009,49.5679999999993,241.6,1.81192139999972,227.4,2.37115639999994,0,0,90.3500000000006,2
916.600000000005,71.0960000000055,189.3,3.06460779999982,200.8,3.89227560000005,0,0,45.5900000000002,2
